147
 72 108  93  85 121  37  92  84 150 112 119  72  87  66  25  22 157  85 112  25 188 177 183 140 176  14  10 200 184  89  96  91 154 105 113  76 122  48 182  58 132  79  19  88  53  87  96 172 109  56  34 171 177 104  54 108 159  52 191 175 149  95  30  27  81  69 160  82  42 195  77  41  22 
 36  92  56 160 107  95  50 123  97  49 181 188  56 188 108  59 193  41  51 192  64  57  93 168 113  10  72  81  35  17 122  86  53  99 108  85 142 
 66 104 187  55 194 190  14 117 196  63 174 125  35  98 195  94 117  23  17 141  11  47  87 136  48  80 138  95 143 160 168  50  49  43 193 194 114 124  43  33  19  68 101 165  33 110 112 165 189 172 133 109  94 109 116  96 124  84 188  93 111  12 196  82  24  22  78 
 87 122 142 108  63 190  54  65  40 162  89 189  55  73 100  66 134 184  28 158 116 129  14  46  35  52  83  27 178 114 135 102  21 199 160 179  76 163 145  22  91  20  44 171 111 138 199  85 163  42  37  84  76 107 170  18 106 165  21  51 137 159 190  84 186  61  80 102 197 128  57 154  69  14 161 182  68 198  31 169 188 190  74 161 191 162  44 120 
114 107  21 200  41 180 152  82  35  54 113  88 104 148 185 197 180 103 166 164 195 160 118 187  34 140  28  17 155 193 159  58  69 125 175 164 152  70  51  47  14 125  51  52  65  94 121  33 151 158 110  17  50  14 171 116  51  45  46  70  64 172  25 110  22 104 185 106 131 145  37  64 136  92  38  57  30  30  28 155  45 121 114  82  77 126 127  55 134 173 138 136 177  18  89 185  30  60 164  28 168 114  49  31 114  98  23 111 196  24  20  65  50  68 144 
 57 170  69 141 177 192 168  43  23  58 161  93  46  37  26 119  51 146  35  79 171 128  53  42  96 117 180 118 174  39 177  91 134 114 137  80 194  27 150  43  30  49  54 176 109  46  94  79  41  45  19 109 179  39 127  28 186 133 
 78  48  91 128 106 119 114 177  56 198 159 185 113  61 148 156  88  75 159 147  27  79  13 153  41  96 189  10 154  93  22 199  26 139  16  23  28 140  68  40  11 150 190  84  59 158 121 186  50 147 124  23  98  86  48 139 108  24 125 113 191  79 188 160  71  91 153 174 151 181 146  82 160 193 111  57  64 132  54 
 39 141 187 198 194 142  20 149 152 149  85 121  14 148  23  26  45 140  32  61  80 157  77 127 156  94 177 114 146 191 147  76 181  65 148 157 156 121  60  26 
114 122 137 152  16 119  27 191 137  17 188 146  60 104 171 191 181  36 184  87 154  38 164  23 101 161  69 111  67 119 157  68 186 156  23 102 194  99  86  76 103 179  84 146 180 121  39  34  64  56 153 146 144  59  15 191  19 128 110  61  78  79 187 164 118  96 136 158  70 119 145  50  97  27  23 148 130 178 193 177 199 129 104  82  94  42 195 195 160 193 183  48 145  25  52 115  27  35 150 120  99 156 170  65 174 149 113  53 144 177 101 125 166 167 107 
 42 173 163  50  70  98  12  30 160 179 174 143 137 118 105 117 116 199 142 167  42  37 155 159  18 188  17 130 165 144  65  26  59  31 136  27 115  11  92  63 141 144 157 
117 127  35 114  60  51  12  65 172  94 124 144 120 150 110 150  94 143 149 182  95  52 129  82 165 193 146  67  43 197  25  79  35 132 160 170  47 117 158  20  16  48 129  58  86  78  31  36  60 100 169 147  29  23  20  79  33  93  63  66  44  34 155 186 122  68  53  94  71  81  90  75  47 142  75  77 119 116  47  93 189 164  31  74  75 196  52  61  16 133  50 134 171  36 132 133 111  63 132  66 130 159 185  93 187  10 186  56 176 148  14 171 139 117  79 171  54  33 
102  96  28  41  68 123 145 128 172 172  64 179  16 164 167 171 113  19 138  28  49  52 182 174  76 149 149  70 188  82 198  45 185  92  58  53 166  79 126  43  79 182  55 173 144  76 118  50 157  64 166  63  98 173 123 133 166 161  97  27  50 138 182  80 186  61 106 164 104  27  62 151 131  10  93  44  93 183  31 119 168  36  15  14  79  76 197 188 162 112  33 167 157  70 127 191  40  88 120  39 147  67 149 
 51 121 121  84  15  80 118 132 103 144  37 147 191 199 146 199  21  55  56 120  17  18 163  94 129  12  59  42 103 157 156 162 121 116 196 157  71 135 153  39 183  85  90  74 169  56  40  76 176  78 147 160 
 45 115  13  18  62 112 145 114 119 128  46  83  20  96  58  37 171  72 151 192 114  25  45  15  99  63  12 181  17  10 169 179  16 175  16 130  48 155  12 129 108 193 138  68 151  24 
 93  14  67 172  41 140 141  24  65  21  51  26 162 177 107 197  25 166 171  34  66 102 107  25  21 167 176  74  16  74  98 122  50  48 126  99 128 119 153  49  57 197 108  57  32  43  41  21 166  45 130 179 139 139 156  54  57  85 122  58  54 128  43  28  82  60  39 185  95  27 105 114  77  64 172  84  74  78 186 102  24 121 172 156 124 123  71  77  68 135  94 110  27 144 
 93 187  98 127  75  25 125  52  81  42 189  25  14 138 149  39  21 101  16  70 150  45  12 125 111  40  53 181 141 108 100 184 191  36  59 150 185 147 105  30  90  75  13 108 132 110 135  10  69 117 177  29  35 112  55 193  13  32 176  59  98  29  19 114 175  28 174  15  80 170  70 101 164 122  97  98 172 188  12  41 167  87 127  31 164 149  71 191  51 154  54 192 158  56 
 66 179 100  86 118  89 113 111 130 182 196 104 167 120  70  98 134 194 132  10 177 123 106 169  76 128 194 181  91 156  18 176  16 105 144  77  15 180 132  58  76 115 132 154  58  86 169 188  24 130 104  14  27 124 138 133  64 115  82  48  90 116  61  62 190 186 105 
 45 117 125  34  14  70  32 168  30  23 170 180  54 182 164  42 171 191  78  58 153 186  97  43  48 179 172  54 164  83  86 161  47 171 107 187  19 151 153 165  68  20  66 156 191  90 
 78 113 141  71 104  57  23 109  43 117  37  90  73  64 182 159 182  71 162 193 196 141 127  85 135  77 150  98 174  63  98  22 164 122  11  17 107  50 196 154  46  65  31 140 198  58 178 133 174  64 189 126  97 170  81 143  24 150  95 122 156  15 104  82 119  24 104  27 118 104  81 184 165  11  18  74 158 120  28 
102 107 108  13 170  70 189  60  64 176 125 151 137 102  94  34 176 193  77 144  26 135 104 134  88  88  23 136 100  36 167 164  17 150  56  62 133  72 155 172  40  71 111  72 144  81 110  48 123 108 144  69 125 103  45  45  53 186 191 191  16  78 129  10  41  70 170 193 197 159 190 111 197 198  19 194 116 191  37  18 163 184 141 123 162  16  27  97  44 135 171  38  65 159  77  36 147  67 192  70  63  89 166 
114 148  62  25  45 139  29  64  72 109  97 184  77  46 129  46 112 187 155  69 159  98  55  68 196 178  60  11  45  43  50  90 115 146 136 164  71  20 161  93  92 137 198 170 160 137 104 159 106 171 113 186 124  98 150  66 152  53  55  97 183  52  29 132 128 157  25  47 132  35  99 150  31 151  19  49  39 191 186 147 110 191 123 119  43  52 115 118  21  77  84  57 190  80 161  63 100 154 103  15 127 160 134 110 163 199  65  81 108 153 180  46 124  24 104 
 66 158 171 118  87 199  93 129  96  41  11 184  82  43 156 192 196 162  84 170  85  95 109 109 176  78  39 114 150  62  80  64  72  96 177  85 194 129  78  86  72  98 170  71  54 125 178  56  81 190 188  80 142 166 126  75 102  25  94  29 160 177  83 132  13  79  42 
 36 166 162 110 112  11 148  94  47 154  75 170 145  95 194  79  81 134  48  41 199 106  17 175 117  86  29  28  57  45 182  72 101 146 111  50  69 
 90 130 122 118 166 104  22  77 116 106 153 192 169 178 147 124 180 155  86 171  95  26  79 145  35 147 190 106 163  49 133 114 173  34  51  50 117  81 178  24 117 150 189 146  20 167 136 175  44  88 192  56  53 153 194  50 107  96  60 159 120  28 118  80  99 109  81 124 178  44  30  90  57  35  84 153 100 164  19 183  92 135 105  85  60  20  33  66  28 133 199 
 57  53  67 165  80 148 176  41  67  14 152 186 131  23 124  19 139 160 189 128  52  33 127  49  52 179  22  35 192  39 153 133  29 144 147 183 127 133  48  37 138 151 120 153 154  74  66 131 199 144  71 193  42 180  42 101  18 106 
 27  80 121  13 176  21  83 123  32  93 157  51  52  47 133 137 180  37  22  44  71  25 176 129 158 133 125  20 
111  15 102 193  87 196  40 119 151  46 195  48 101  18 100 142 169 182 166 184  84 157 126  64 197 101  34  67  58  62 133 120 181 186  19  39 105 159  18 176  29 135  64  11 135 167 161  29 195  31  72 145 179 186  55  99  22 106 182  51 109 117 154 188 135  97  93  22 179 166  97 194 129  92 198 120 124 111 158 125 130 137  49 147  78  42 152  82  55 145 118 115  12  82 100  42  92  33  21 144  42 168 172 176 185 149  54  62 131  22  86 123 
 39 130  99  99  29  26 178 184 104 109  58  63  10  20  83 177  42 175  74  85 140 193 170 113 172 155 198  24  87 169  90  54 149 139 125 107 143 157 134 121 
114 106 151  74 117  76  73  75 145 152  57 106  96  88  62  46  21 167 158  95  88 173 137 140 115 103 193  55  55  54  37  50  36 170 177  33 110  89  49  29  86 169  48 145 191 184 179  63 167 191  84  73 133  49 113  85 166 116 137 108 181  11 104  81 128 136  26  65 175 140 161 125 199  26  93  89  96 126 156  47 148 112 153  12  14 112 115 122  83  59 148  49 200  65 198 150 143 178  36  67  67 194  39  73 120 120 109 102 109 170  33 101 137 102 120 
 51  43 140  15  36 110  14 138 140  60  56  15 161  68  95  22  38  62 159 193 165  85 124 107 156 158  23 143  70  16 110  83 166  62  60  66 120  44 111 126 165 119  48 125  41 140 182  79 129  76 185 124 
 87 176  63  56  62 141  54  47 115  80  99  89  74 200  79 174 117  37  46  48 188  32  45  44 196  47 180  10  59 189 179 125  31 160 147  83 126  43  61  25 200 123 154 159  28  27 172 116  60  24 143  22 171  17  50  86 162 154 124 127  75  22 148 132  64  65  67  89  40 166  34 111  30  17  35  94  34  44 100 114  34  54 181 125  66  91  14 119 
102 144 167  58 106  78  99  34  57  88 164  15  86 198  97 161  48 186 119  84 154 190  80  68  19 157  40 149 172 145 168  59 119 179 192  79  66 173 172 125 115 133 192 156 161  71 150  88  70 155  11 177  18  15  52  26 157 194 197  87  89 164  55  39  48  22 150 174  43 168  34 194  16 121  38  99 152 150  33  74 128 128 158  94 124 152  43  57  11  54 166  25  63 155 109 161 142 194 200  82 171 198  95 
 90 123  82  17  29  86  44 135  57 195 100  61 184  72 119  40  36 127 196  67  75 168  72  98 200 155  98 138 186 157 151 102 186  17  62 121  12 191  66 138 106 183  83  31  41 138 192 142 116 146 181 166  43 194 114  17 198 178  56 127  71 192 188 145  90  64 191 181  76 109 159  61 199  33  48 133 170 194  71  33 144 115 178  42 115  14  76 139 162 167 198 
 69  43 118  21  77 154  92  24 124 170 114 180  57 166 185 119  21 141 148  74  83 141  73 193 132  53 135 177  85 113 177  93  78  50  65 113 146 169  84 160 188 120 148 104  76  83 168 179  78  90  10  93  16  11  14 176  55 170  66 103  98 157 177 183  45  45 141 120 161 113 
 30 130 158 126  41 199 125 163 191  91  53  52 156 141  36 101  35 138  13  72  93 179  13 153 145 137  67 119  57  16  44 
 93  85 133 119  78 173 111 144  80  58 119  87 131 163 185 102  29  54 186  90 107  11  91  98  17  66 188 129  76 132 137  13  98  96 134  60  36 180  92 151  44 134  69 119  11  56 166  81 124 111 179  20  19 152  62  18 122  18 193 120  64 176 103  56 177 165  88 124 140 125  24 172  83 193 104 143  88 195  25 128  67  41  34  83  94 200 116  20  16 190 195 142 157 159 
 63  82  31 112  40 171 100  18  41 107  44 111  12  67 115 170  27 196  14 159  47 156  33 135 123  82 135  70 118 109  88  21 145 150 173 194 118 166  61  73  43  19  99 190 136 194  73 116 162 145 123 136  89  23  70  37  46  17 156  85 154  78  34 198 
 81  11  47 133 188 123 174 127  78  48 113  68 120  73 177  64 165  13 197 167  46 148 198  15 166 122  68  68 156  37  11 158 122 153 102 195  32 164 199  60 199 191 198  83  74 137  30 110 143  61  11 106  17  41 113  50  89  27 142 120 146  67  18 153  91 107  99 126  29  24  31 199 127  86  16 196  96  39  28 183 175 102 
 48 110 197 109 148  29 193 150 128  99 154  48  40 154  41 159 160 128 106  42  82  42 144  46 113 123 184 181 133 131 123 197 132 172  53 152  64 173  88 163 137 170 189  95  89 182 183 117  41 
 78  52 151  16 184 139 133  66  19 169  55  51  95 191  21 104 155 114  12 124 102 185  40  48 139  70 156 161 168 193 164 121  88  84 185  64 182 186  95  90  73 172  52  56 195 163 134 115 101  87  40  42  67  40 109 150 131 181 153  33 198  97  29 112 139 122  68  75  93 102 164 161 130 173  44 153  57 185  38 
 81  19 191 172  95  45  10 107 150 123 174  27 138 174 188 181 175 141 194 151 179 191 101 180  37  28 177 172 127 113  71 155 164  29 125 154  44 154 106 100  88 133 164  50  81  19 147  26  32  88  38 171 117  45  19  93  31 186 196 193 135  56  86 126 143 124 105  78 147  61  65  17 100 165 123 101 193 178 163 122 119  69 
 99  18  73 163  16  37 102  99 106  51 101 199  32 136  10  24 179  93 117  62 116 193  40 139  83  66  37  60 147  46 154 151  90 164  50  38 166 154 170 175 139 109  20  87 176 148 130 176  86 109 172 169  99  49  98  45 198 196 138 191  37  49 108 124 124 125  91  26  89 187 133  51 172  24  65 171 109  13 145 135  68 140  40 135  83  32 129  95 194 111 120 163 101 126  63 170  95  80  13  91 
 27  67 137 155 145 162 151  53  73 126 108  38  22 148  51 123 111  61 147  90 142  42 177 103 158 156  18 175 
 42 106 163 181 117  28  58 194  33  82 137 193 109  54  77  76  23 171 131 116 139  40 149 114  42 116 165 149 162 148  15 149 120 167  96  10 155  87 122 130 122  40 155 
 51  70  60 133  11  36  13 119 119  35  88  21 172 186  26  28  67 144 153 187  85  11 161  51 160 139  22 154 176  94  88  88  93  24 171 112 110  39  90 199  56 167 153  44  48 110 118  12 122 102 168  51 
 66  16  60  55 104  97  57 143 144  34  51 195 112 174 154 134 149  29  11 104 153 103 160  14  63 175 157  48  41  22  73 111 121  47 178 153  30  23  98 107  99 114  43 194 171  74 162  61 189  56  71 154  13 180  87 125 101  72  42 199 144  48 152 138  94 165  27 
 66  11  16  36 119  79 119  73 155 157  30 103 196 175 139 130 157  59 107  66  68  59 105  42 181 120  26 171 111 136  33  84  66 111 114  95 140 132  50 185  69 112 188  76  79  69  25 170  10 195  64 141 143 184  24  31 177  32  84  81  54  40  14  90 134 151  91 
 51 198  17  81  38  79  12  71  47 184  31 103 115  36 111  31 115  82 157  10  30 157 117  62  64 140 156 102 142 100  73 109  17 145 166  89 116  50  27  76 183  41  30 173  28 180 145 112  19  25  87  38 
 45  56  93  49 191 173  40  19  98  42  45 192  28  83  45 125 194 172 180  58 180 111  15 135 178 144 135  49  65 118  72  23 192 149  87  65 197 108  18 138  19  88 106  82 187 120 
 54 135 193 130  32  60  80  27 191  45  89  12 169  63 121 116  58  95 131  40 143  13 168  10 141 187 170 173 104 131 119 110 100  19  45 101 113 172 161 166  33 142  21  23  79 122 124  39  39  80  57 176 195  38  94 
 99  77 125  30 121  13 109  73  38  86 121 151  58 133 154  32  77  57  78  54 171 125  52  17  90  54  50  73 139 184  51  39  71 148  39  16  13  36 172  37 200 168 149 107  48  50  73 105 122  59 193 192  85 136 114 102 198 185  11 153 195 199 135 138 166 109  44 174  46 150 177 129  56 157  32 179 107 119 104  63 153 133  34 116 162  60 181 181 179 173  63 131  68 101  43 170  92 129 112  68 
 54 123 170 126 167  70 199  12 133  83 158 160 180  60  87 192 179 197 104 105 183 107 106 179 156 126 115 123  47 200  24  46 154  64 186  33 124 146  92  34 128  59  69  81  87 191  53 163 162  86 105 123  65  54  64 
 45 183 170  38 162  74 200 106 176  56 186  26 109 122  82 191  67  45  12  69 129 194 167 187 133  56 176  83  19 139 167 156  51 187 193 184 118  43  16  16  10 198  84 181  60  74 
 99  87 147 133  47  56 184  34 127 161 159 157 162 143  82  62 183 135 121 105 180  18  52 102 186  77  73 121  88 153  73  49  90 128 147 200 152 181  95 128  12 199  65 115  24 131 171 146  17  27  32 111 158 160 150 162  91 189  64  72 182  28 129 191 148 179  35  79 199  62 186 126 170  60  30  21 129 130 179  18 116 152  25  76  51 122  88  75  26  85 158  60  26  94  17 175  93 199  99  74 
 45 140 144 155 194 160  57  53  72  82  94  97  75 114 181 184 159  29 125 173 193  41  17  44  61 128  38  48  58  98  23  63 105 148  77  22 160 128  18  50 197 136 153 184  93  71 
117 128  31  71  98 105  72  14 103  30  86 107  36 198 117 135 175 101 138 190 185 113  89 101  16 172 112  91  17 132 173 166 108 104 104 180  96 161 132  12 179  48  71  72 188 187 165 150 155  34  33 135  75  85  22  57  68 140 152 116 157 178 189  54 118  46  50 151  64  53 142 102  13 192  23  85  62 135  86  22 111 175 100  44  49  52 198 132  22 147  75 120 189  36  59  24 196  50 113 151 125  72  92 185  54  81 200 121 143  88  69 187  29  35 198 112 136 153 
117  78  79  26  79 122 200  30  63 162 197  71 164 129 148 124  77  51 164  98  51  91 115  91 152 105  58  27 118  27 112  89 121  91  86 194  13 118  80 133 199 111 137 103  67  98  62 197 109 107 129 154  47  81 175  21  64 186 127  53 189  67 101 134 103 109  39 152  25  58 181 194 158 200  31  30  24  72 114  28  89 159  52  48 124 184 199 119 174 112 134  49 112 150  33  96 170  72 132  83 167  39 143  80  91 164 140  31 106 197  86 123  16  62 131 197  37  46 
 84  80  11 135  19 192  40 103 156  99  79 129 103 185 166 135 183 187 134  98 172 198  25  84  53 106  70 170  75  61  82  50  41 148 121  64 181 116  80  31 141  47  31  15 139 188 121 100 155 167  70 101  35  47  17 101 163  43 200 167  15 149  52 159  90  27 159 162 154 168 149 135  31  27  63 122  16  57  73 119  72 141 174 150 153 
 96 182 178 146 176  14 198  97 195 152 133 118 129 178 118 200  57 180  62 114  65  29  11 102 152  60 199  10  44  71 119 106  19 164 157 195  35  71 102 148 121  13 173  21  86 195  64  71 156  91  96  46 156  35  53  20  85 184  21 121 170 189  71 116  16 134 128 123  94 107 142 177 110 146  44 115  61  76  74  74 143  65 194  80  51  76 139  35 118 150  44  46  72 140  82  97 169 
 51  72  76  14  26 150  34 165  68  11  78 192 130 194  97 141  77  28 185 185 137 101 153  53 105 107 112  46 190 194  32 153  48 183 152 145 194 179 111 142  86 169  23  64  41  12 200 125  97 200  55 126 
 54 161  59  33 194 145 192  80  78 123 167 168  26  71  86  33 176 153  60  40  95  15 182  60 121 132  14  54 134 104 189  90  24  34 167  16  30 121 159  45 162 139  36 155 111 140 147  83 123  77 191 196 191 161 198 
108 168  84  19 136 104  88 199 184  94 162  45  95  65 104 160  94 166 165 117  19  13  89 179  74 113  89 123  74  17  56  81 102 170  67 169 138  31 185  56 134  69 128  31 139  29 178 141  53  28 173  90 162  97  53 168 107  91  19  44  58 173 145 184  13  94  61 122  81  50 134 163  96  28 106 141 190  23  29  88  34 101  51 181  71  44  23  89 197  53 132  69 136 136 106  77 160  92 179  15 176  39 144  97 130  68 187  69  27 
 45  12 109 130  80  95  32 108  83  99 162 104  77  35 118 116 200  70  51 200 187  92 198 126  32  61 158  77  46 139 106  68 168 103  78 118  12  91 167 171  75  99 127  60  32 150 
 39 104  38 146 173 168 139  79 194  61 160  70 142  51  14  15 178  34  20 198  49  73 164  58  26  17 160  87 199 162 124  96 129  85 112  42  78 162  74  67 
 42 110 112  33  81 107  31 184 104  31 196  10 114 162 144  59  82 140 142 186  54  75  48 155 162 122 193 177 110 185  14  10  94  28  59 139 194 196  14 163 152  35  91 
105 154 179  31 164  17 143 194  34 188  43  58  78 176  30 137 124  66 141 126 131  49 124 118 140 109 152 178 148  89 117  21 119 100 126 148  43 174 142  66 193  57 180 173 119 106  59 103  97  45  70 151  21 100  31 188 127  47  32 150  51 135  25 121 184  40 140  89 175 105  93 172  27  32 196 114  20 155 173 165 175  49 106  81 125  86 115 159 141  46  36 158  59  82  14  58  38  14  39  92  51  45 129 153 155  75 
 90  76  87  77 138 127 124  95  19  60 171  48 135  92  14 167 167 183 194 108 191  76 147  73  73  64 196  84  10  10 173 125  63  30  41  74 160 155 186 148  15 174 194 198 112  56  24 116  27  13 192  75 166  50 189 176 105  12  23  60  11  16 177  48 167  76 192 181  86 148  24 111 196 163 172 120  21  59  55 113  22  92 104 145  83  51  70 189 105 103  60 
 27 157  19 150 156 173 138  70  74 152  12 158 104 160 176  89  32  20 104  27  26 180 145 143  58 144 150 115 
 90  13  46 165 167  66 119 101 139  45  60 130  97  74 156 185  82 170 158 173 127  11  43  20  16 149 190 179 162 182  30  88 131  94  15  66 188  28  27  65 165 122  11 179  19 121  26 166  79  77  24  66 158  61  84 169 111 181 184  42  28 151 176  89  15 189 161 170  96  59 183  20 190 150 188  54  42 191  71 110 154 163 114 154  95 163  38 147  13 170 180 
117  95  79 180 197 108 139  31  31  60 153  98  93 149 134 142 133 152  69 190 124 111  54 170 193 105  30  65  15  86  20 189  43 149 143 178  91  62  16  91 110  74  46 165 185  20  83 156 133  89  40 149  15 152 113  81 154 122 197  52  66  36  23  15  78  26  82 171 100 183  83  90  79 131  48  37  98 197 101  35 139  22 133 137 199  78  26  74 154  63  64 139 163  34  80 177  87 174  49 192  44 155 141 115 184 118  12  16 167  78 190  87 132 119 176  10 174 141 
 75  34 157  92  42 122 155 150  97  41  24 160 144 176  48 165  90 188 180  12 120 162 151  33 179 141  22 151  70 189  54  56 119  89  20 193  36 197  62  98 120 176 156 114 114  29  55 137  19  85 104 174 132  31 184 181  87  58 126 101 138 190  10 190 144 184 171  31  58  11 172  36 179  84 196 107 
 93 127 186  72  96  85  51 193 114 173 142  57 174 152  46 180  62 177 124  85 103 184  97  53  60  65 100 193  38  21 163  20  46 126  51 138  68 199 175  71 165 129 183  10  36 173 193 146  27 194 121 142  92  67  92  18 139 163 110  34 167 177 168  83  81  83 151 129 150  14  40 142 114 157  34  33 150 103 168 196 120 103 125 143  63  73  78 128  66  40 134  22  88 150 
 90  54  10 196 152 146 132 168 101  16  50 112 117 126 180  14 120  33 163  78  22  83 149  76 160  63 100  53  53 176  26 151 196  35 169 174 188  44  14 150 177  21  43  35  53 138  18  74 174  86  49  92  44  61  44  51 152  54 163  88  89  67  44 169  21  48  37 114 128 199 182 126  66  66 114 139  58 120  91  43  41  94 170  97 186 168  38  29 199  35 109 
 90  66  46 157 193 133 188  69  92 192 196 134 162 191  86 165 153 153 125 151 176 185 116 120  85  17  42  31 180 163  51 184 164 105  79 173 168 144  67  70 124  63  75 192 147 196 192 120  64 165 116 158 174 200 100  39  78 109 191  77  11  37  55 168 106  20  78  41  94 183  18  99  85 193  12 106 178  58 194  42 132  81  68 182  96 148  88 190  21 121  65 
102 155  38  92 169 153 189  69 132 172 169  73 132 104  25 124  24 163 119 145  10 131  89 195 159 140 150  73 118 155  94  50  54 186 181  49 153  98  36 131 127 182 188 143 134  10  67 166 145  29 179 121 111 138 115  83  31  11 108 179  53  44 198 101  47 160 181 121  86 121  19 169  78  22  72  70 174  16  93 187 161 137 114 199 165 111  92 169 122 137  19  86  69 198 144 165  46  53 143  37 110 105  10 
 30 128 101 154  96  45 129 119 155 132  72  94  14  75  43 115  69 195 158  18  23  30 191 166 146 101  88  87 183 179  54 
 45  26 189  29 114 114 200 111 182 122  54 136 110  20  99  36  62 167 131 165 118 185  24 156  22  58 141 139  45 196  99 118  30 140  25  84  84 103 112  23  81  45  59  32 107 169 
 84  75 141  76 162 167 170 113 182  11  85 148 102 125 171  13  62  77 104  22  50 197  37  93 132  85  78 133 140 130 100 119  51 184  10  57 157 106 179  42 115 191  70 185  96  37 118 114 137 101  24 118 182 165 115 135  97 140  67 199  80  78  19 114  39  46  74  32 126 149  88 197  72  48 125  74 191 183 198 115  73  10 149 200  92 
 78 159 193 118 198  66  52 155  60 193  46 171 172 129 143  25  10  60  75  87 193  60  38 108  89  44 108 136  72  52 115  87 121 139  24 137  62  68 112  52  59  60  48  40  36 197  40  52 195  91  10 182 115  45 124  97  56  45 111 128 194 182 199 178  65 196 149  65  56  11 106 190 195  21 178 112 170 138 119 
108 119  33  82 173 128  47 136  38 125 191  82 110  69 130  59 110  57 170 180 118  87 113 174 176 112  92  46 145 102 150 178 132 111 172  96  63  62  36  34  96  38  48 124 106  43 159 135 104 139 174  55 123 133  45 125 114  88  30  27 177 181 137  90  41 125 142  45 195  53  22 183 111 104  30 106 108  26 148  21  21  42 105 170 117  15  31  37 141 151  14 178 199  12 114  44  19  87 138 115 183 185  70  16  19  15 121 198 114 
 33  16 171 102 158  76 102 132  69 149  62 177  47 113 187 179 193  24  40  33  95 114 114 123  77 156 170 104 185  98  96  47  13  71 
 57 151 188 136  54 126 164 149  70 159 177 156  92 117  48 200 177 196 100  40  54  40 157 177  25 116 101 111  18  37 115 171  31  82 118 100 189 172 158 147 127 102 120  42  17  67 105 105  51 105 106 112  59 188 104  35 188  97 
 39  50 128  13  53 180  19 146 153 190 109 141 195  48  72  77 112  54  85  14 162  78 169  72  25 152  11  93  65 144  64  81  22  33 164  90  76  68 147 140 
 27 127  40  88 174 121 191 104 158  83  46 197  38  38  46 197 130 171  79 155 129 133 112  42 112  56 170  45 
 60  81 140  96  64 113  27 109 195 123 127  59  99  80  42  65 126 115  81  57  74  66 101  29  71  61 150 130 167 102 169  75 145  11  39 131  40  57 157 118 183 149 165 119  42  22 149  21 185 148 141 186  26  63  70 129 198 181  44 178  56 
 99  24 149  92 114  18 197  82  99 175  53  46  89 169  75  32 195  84  74 121 160  47  79  72 177  79 178 166  86  77  19 159 157 180  97 124 120  64 190 147  85  62 183  16 157 139  22 136  42  79 187  27 131 137  83 117  85 167 114  18 185 151  55  90 166 130 197  56  63  65  80  25 122 112  90  77 134 114 187 113  19 186  66 199 126 125  50  29  48 150 184 100  97  90  95  78  60  68 173  71 
 69  26  16  18  40 127 179 142  59  19 129  62  13 158 160 132  39  27  31 169  45  24  82  93  61 104  92  16  79  81 188 174  43  29 165 159 137  40 120 117  47  69  24  83  86 171  99  34  60  11  33  41 164  51  62  94 104  22 123 169 141  47  42 199 116  59  66 164 198  82 
 42 105 167 179 144 137 168  53 165 122 160  20  12  64  13 171  58 134  65  54 121 132  28 125 110  11  67 167 109 168  80 105 197 144 187 148 150 168  26 148 185  71 157 
 24 103  48  91  37 104 104 181 149  40  86  11  81 122 134 124  53 141 126  93 119 137 130 119 101 
 57 101 170  37 189  44  44 114 131 170  24 188 196  65  80  32 172 197  59  42 174 134  56  72  80  80 142 195  55 195  18 154  11  66 197  26  16  33 144  65  29  92 159 129 180  82  87 148 146 177 111 156  83 190 103  69 151  57 
 99 101 138  15  90 120 165 177  14 174 185 144  65 105 160  74 114  80 132  67  36 114  63  16  17 103 177 141  89  71  52 147  98  44 130  67 159  34 124 157 154 194  34  18  65 174 173  71  33  25 114 181 101 134 146  21  84 147 106 127 109  81 175  54 131  69 146  12 178 164 146  85 101  16 139  88  62 167  86  66  30 106 177  90 181 144  69  89 140  57 104  72  70  99  87  15 188 184 121 177 
 87 102 163 184  54  16 126  81  42  57  78 161 110 199 188 154 163  25  19  97  80 117  19 159 118  94 195 162  13  73 157 168  50 130 162 119 110  99 176  22  54  70  76 134 179 153  61 171  71 130 146  29 127 111 162  44  30  27  83 184 159  81  41 103 185 191  12  30  53 187  94 193 134 199  51  16 122  95 161 143 148 191 184 107 178  72 169  61 
105 126  88 135 109  52 139  90 192  55  90  37  61 122 117 117 188  39  33 184  46  68  99 199 126 139 140  53 126  67 140 124 118 120 141 196 178 125  61  69 142  97  26  15 190  75 182  22  44 172 106  43  77  13 105  75 116 196 140 123  48  13  76 108 168 120 186  48 194  89 193 110  27  32  79 175 193  86 115  74 156 138 147  30  62 158  89 104 118 115  82  51  42 163  28 140 112  80  56  80 117 133  67  54  38  59 
 39 188 200  27  13  33 136 161 114 122 145  97  59  25 118  89  40  20 165  16  15  57 117  31  57  85 133  74  51  14  78  38  32  90  90  79 100 182 187 142 
 30  21  24  50 175  33  19 168 130 144  91  84  87 100  78  23 149 103 180 117  68  72  51  69  85  32  86 119 120 130 194 
108  29  92  83  12  11  55  28  92 184  23  21  28 127 147  55 165  15 193  34 189 116 175  93 193 125 173 139 197  67 137 112 156  80 108  75 169 112  81  46 138 200  94  59  39  94  77  18  63  89 121  95 157  99  79  20  64  43  34  49  11  85 130  96  54  50  87 105  99 181 166 180  96 108 148 130  16 106  89 161  47  83 155 193 120 171 168 111  74 198 158 128 168  19  23 160 161 158  64  21 125  58 185  58  33 134 181  55  10 
 57 166  71  47 113 192 131 145 156  96  97 112 164 162  12  43 167  28  21 151  46  40  89  50 163  94  34 191 102 103  78  48 118  74 164  70  48  33  26 138 175  18  68  66 193  37  66 192 155  98 118 121 124 163 180  11 126 112 
 21  24  10  57 182 196  15  26  87  23  31  45 107  41 170  57 151 177 169 121 131 103 
 39  62  29 149 183 115 197 134 154 131  69 175  54  76 104  50  79  74  31 179  18  66 169  51  99  34  40  26  32  33 130  75 168 130 154 186 155 102  35  51 
 75 200  32 127  47  17 176  71  31  12  14 129 140  60  22  99  59 140 160  99 123  44 180  33 124 111 138  96  56 197 183  92 164  61  35  21  64 180 150  90  31 115  72  85  37 108  82  61  77 142 182  29  41 200  85 179  44  62  77  69  92 140 100  83  38  61 195 129 153 150  68  26 100  90 156 184 
117  53  48 163 160  72 173  28  54 152  13  37 118  95 140 132 132  40  42 189 157 177 160 144  86  63 157  67  23  39  85 172  27 102  99  44 177 168  90 126 130 180 159 186  83 129 189  95  69  43 163 135  93 131 141  82 144 165 107 194 116  70  62 184  77 200  26 109 164  41  58  32 163  71 102  56 109  61 134  86 179 167  92 160 186 126 173  62  62  40  43  57  33 100  24 190  20 170 188 142 151  97 107  86 114 130 159  60  79 167  26 138  93 198 133 188  36  96 
 69 116 137 104  53 160  46 137 182 150 120 124 147  20  53 121 111 120  30  94  80  14 133 186  20  44 180 120  44 165  94  22 161  84  25  12 198 121  74  82 155  25  54  78 163  97  64  94  19 176 125 119 163 199 136 146 180  17 196  55 147 106 119  67  65 177 100  88  84 179 
 30  21 103 157 143  31 117  72 181  45  47 196 146  45 160  18  97  13 147  12  74 113  46 102 151 185 180 152  50 167 177 
108  38  12  71  82  45  36 109 108 144 197 156 198  32 102 111  35 157  69 108  66  54  39  36 180  75  76  50 124  84 131  62 195 131 175 191  97  70 165 193  58  68  89  50 179 115 188  70 164  29 196  46  75 146 183 113  13  86 155  55 128 112  54 123 166 171  10 143  21 170  95  77  26  42 160  81 191  38 170 170  99  95  82 140  10 182  65  12 191 130 139 144  42  62 147 110 114 161 182 166 174  40 103  17 115 120 174 107 101 
 84  82 120 150 131 135  49  31  99 154 148  52  31  28 110  79  27 166 165  55  45 184 117 134  26  54  37  96 157 189  16 180  44 150 168  43 113 178  22  27  82  20 164 180  56 185 140 122  43  99  33 153 150  82 198  35 116  53  46  20  48  96  76 164 111  92 107  76  57 142  39 146 159  34 175  98 199 195  86 134 191 112 134 120  74 
 27 103 176  39 107 142 159  32 192  79 192 149 107 135  19 167 123 165  49 187  49  16 157  48  70 177  97  92 
 30 124  33  90 101  80  41 130  90  53  39 103 158 116 150 106 195  80  20 185  53  91 107 111 180  60 144  60 108 155  56 
 87 109  37 148  16 189 143 197 128 127  87 178  55  53 141 135 195  76  49 166 108 149 141  62 173 193 109 183 166  42  46  34  30  56 127 113 101 139  90  72 107  66 146 147 102 130 185  70  66 184 114 130 148  10 194 166  15  67  41  42 150  25 195  88 168  68  57 196 114  22 132 188  78 103  43  40 121 183 181  85 132 172 108  74  46 106  64 184 
 99  38 147 153  39  92 107 109  34  88  90 123 151  47 107 100  76 134 193 164 200  36 123  67 107  54  30 145 136  18 100  61 163  59  58  29  65  12 106 133 149 104 183 151 179  98 153  85  72  54 188  67  87  92 182  72  83 165 192  46  99  96 139 191 105  35 123  76  33 147 101 158 185  71 175 152 168 136 123  76  19  26 126  28 114  27  95 137 117  69  33  94 155 117  26 150 127  85 170 146 
 72  30 138 181  29 104 185  52 175  77 114  10 132  52  45  12 188 159  80  52 183 170 125  34 108 112 126 115  43  74 135  26 181  11  74  86  77  20 157 144 169 178  70  84 179 163 127  48  28 110  47  95  83 141  33 163 156 103 133 192 175  10 125  51 141 157  76  13  95  69 128  26  51 
111 117 162 152 104 163 166 101  84  86  24  65 173  58 134  15 165 146  57 146 162 116  42 195 139  73 124  48  74  13  71 107 136 168 175  42  51 153 147  47 136  81 148  12  12 149  69  87 134  32  50  30 180 134  86 103 146 105 128 167  39 115 187 104 113  81 115 186  41 196  90 137 184 128 188 111 200 146  18 180 193  30 158  93 150 132 173  19  36  20  78 152 188 131 130  39  39  30 190 183 128 127  78 154  77  16  26 112 150 187 156  13 
 42  12 198 102 184 191 165 129  94  49  96  85  21 115 100 120  23  42 156 143 167 193 121  17 173 122  70  15  42  54 161 138  26 117 167 160 193  80  15  86  47  91 198 
 78 167  38  41 165 139  32 184 180 101  11 197 140 168 122  11  23  99 153  67  28 124  25 189  29 153 198  19  53  90  96 134 103 171 163  88  92  86 162 181 131 121  17 148  74 105 129 199  61 139  89 134 179 179 167 146 137 184 118 165 182  57 186 199  15  73 151 125 181 108  48 169 152  85 179  42 126  70  93 
 81 138  81 151  66 113 161  35  14 174 151 149  55  41 192 116 127  52 107 137  10  44  38  27  79 164 137  34  94 104 104  60  71  41 166 116  61 199 128  17  48 172 185  64 150  12 147  33 142  25  16 199  59 143 101  67  60  81  54  73 120 143 151 134 188  60 122 179 148  77  39  53  12 174  34 180 102 167  65  33  48 199 
 66  91 155 107  48 126  39 176 144 188  19 114 125  15  78 139  98  48  44 163  22  58 113 129  25 150  25  28 136 142  61 190 184  71  52  33 138  86 115  69  54 182  33  67  62 157 194 161  77  18  14 169  44  73  48 109 158  63 194  23  14  86 137 110 195 174  67 
 84  63 163 187  12  40  54 183  94 140 142  52  72  42 106  78 141 166  35 120  20 157  69 158 158 156 153  26 109 183 112  11 106  24 139 164  27  32  93 184 191 116  89 134 180  15 186  38  98 141  92 195 145  92 157 114 141 160 195 138 166 135  37 153 133 194  63 136  76  53 115  42  73 166  38  97 177  31 114  66  96  66  61 111 194 
105  84  95  29 145  11  56  10  51 181 157  49  37 119  13 118  52  95  25 148  40 190 187 160 124  11  98 159 193  85  39 143 169 150 184  16 192 126  46  34 177 168  54  94  73  31 141 113 182 189 141 160  40  40  63 195  64 170  79  81 150 108 179  89 100 148 191 169  33 197 192  16 182 108 176 195 183 182 178 116  98 158  68  68 116  46 164 131  55  62  13 101  91 158 125  34 125  39  40  25  39 164 116  30 174  50 
 90 166 108  61  22 148 123 167  60 164  43 124 150  81  18 145  23  86  16  17 107  22  97 130 137 159  43  89  21  11  80  35  65 111  49  41  93 173  40 185 145  62  26  94  54 195  79 124 122 114 110  45 194 177  43 116 172 123  11  53 112 193 133  86 120 147 182 200  10 174  50  25 133 199  15 106 120 174 115 104  80  20  40 120 119  35 199 132 118  61  90 
111  50  69 100  10  11  11  74 107 118 173  29  68  67 139 103  50 171 194  67 112  91 124  53 106 112  76 109 156 134  50  85 130  97  84 125 169 103 183 156  42  25  73  87  73  33 160 160  32 144  83 175  57  45 133  58  94  35 164  76  78 138  22  48  53 138 181 104  24  54 131  85 158  62 124  64 180  68 192 200  82 157  60 125  34 148 165 102  79 171  83  14 131 101  79  97 167 196 169  83  42  26  90 156 131 148 173  47  94 144 109 120 
 21  22 147 172 197  73 199  24 146 193  88  20 157  33 142 127 104  98  53  44  17  53 
 75  22 148 162  16  34 146  25 193  31 100 180 176 115  16  67 188  60 188 103  35 123 135  19  62  61  91  39  32 117 101 168  57 166 128  54 138  75 160  72 193  10 121 172  10 133 144  11  73 200 109  75 191  63  66 174  70  59 131 133 165  31  75  94  87 161 139 143  27  29 156 101 152  61  47  79 
 24  89  10 154  19 170 108  43  19  83 150 175  22 197  29 130  45  26  26 186 128  73 118  96 145 
117  68 137 115 180 113 160 132 120 145 170 157  54 115 175 137  47 150 197  23 122  77  86 136 100  22 185 116 140  62 192 197 103 167  92 137 174 200 144  88 155  99 144 157 137  44 109  15  63 108  64 161  30  76 107 105  34  32  18  24 188  83 150 128 184 110 141 196 120  91  12 168 131  15 162  63  27  52  44  93 131 155 113  12 198 158 150  45 125  12 156  59  89  82 150 107  54  45 115 170 181 129  78 174  61  66  67 189 165  29 148 100  13  14 198  88  66  18 
 33  99  30  21 171 165 131 195 160  17 112 198 115 153 181 114 102  39  73  75 151  64  95  17 146 166  61 153  27  72  71  42  38 189 
117 146 148  47  17  11  14  15  61 192 132 178  28  92  73 192 126  54 191  75  12  92  43  37 103  52 173 194 179 130  80 100 147  70 188  35  58  78  53 148 124  51 135 108  87  71 152 126 138 197  14  59  92  25 168 187  76 108  52 111 117  80  60 141 177 147  68  30  84 126  47  41  55 172  44 155  66  77 198  12  29 186 186  70  83 149  44  37 102 130  94  80 149  94 178 161  13  26 198 107  11  79 144  99 136  15  77 189  14 181 110 191 200  47  12 152 112  14 
 21 117  39 181  80  99 158 119  20 178 165 176  77 138 160  82  41 186  25 136  50 165 
 42  30  25  70  70  48 115  70  44  90 109 174 147  59 153 140 101 177 148 180  84 133  78  93 197 178 135  62  19  78  45 141 124  32 117 107  72  45  27 176 119  21  64 
 78  49 199 189  21  76  96  39 134 106 113  96 135  51 195 162 107  99 159 149 108 108 139  86  32  35 160 179  80  20  25 122  53  68  66  97  40  95  73  47  49 117 185  75 200  27 174  35 135 183  96 156  62 194 120 141  25  30 162 153  67 192  67  72  80  19  88 137  83 197 121 180  94  50  41 111 110  62  40 
 84  33 142  42 134  78 107 168  44 159  39  58 111 118  18 165  87 143 125 150  19 181  49 174  88 121 156 123 135  90  88 108  56 139 163 198 146  55  78 140  67  73 197  21 116  37 125  83  29  48  77  63  93 193 123 192 168  94 161 134 159  36  67 102 199 187 160  57 127  78 122  64  57  91 103  22 182  79  31  23 189  15 106 164 134 
 78  12  87 158 181  75  13  14 126 107  35 132  63 149 148 171 200 125 182  10 104  84 200 180  29  83 113 156  26 179  79  95  20 192  88 103  95 142  51 111  36  26 119  23 174 151  41 111 122 200 192 124  29 100 147 154  50 139  80 138  20 187  75  19 191 148 165 120  94  91  70 195 192 166  33 182 144  10 167 
 90  76  81 188  84  51  12 168  55 174  43 160 122 138  74 100 122 157 104 145 124  99 104 108  97  82  71  79 111  76  86 192  51  18 174 176 169  56  40  92 178  44  62 114 159 141 145 157 175 137  39 187  68 165 124 163 105 104  86 114  82 136 131 153  70 100  31 105  88  43 137 125 139 104  38 184 155  12  76 167 191 153  99  74  34  10 189 146  61  65  45 
 57 117 158 160  70 143  87  18 177  26 131  61  61 115 191 103 132 143 104  40  78 110  82 165  53  42  59 119  86 137  98  11  74  50  83 200  74  32 161 178 179  69 173 187  48  78 187  15 199 180  70 126  42 125 200 146 164 161 
111 115 183 115  74 175  51 155 128 163 186  24 194  73  67  76 197  15  84  38 163 184  58  32  44 150 121 189 129 139  17 166  62  29 128  71  52 182  28 199 168 194  46 136 153  17 117 189  36 108  20  57  27  79  70 154 198 106  63  65 127 107 167  58 179 121  69 190 199 164  95 177 161 169  82  15 185 176  83 153  36  84  29  77 150 179  99 143  82 146  26  93 167  84 102 167  36  13  46 109 167 135 170 153 161  10 200 190  56 183 140 153 
117  93  69 181 169 140 142 112 169 103  63 140 123  89  17 182 121 103 200 140 102 160  63 188  68  66 123 169  64 155 112 123  11  68  15 105  52 194 129 111  59  99  31  77 191  98 110 196 109 188 172 138  28  76  15  70 191 164 181 199 121 144  49 190 167  63 127 116 127  77  77 194  93 135  41  53  98 189  10  35 156 162 186 200 186 135 123 111 101  61  92  42  28 121 126 151  98  88 103 183  42  41 121 185  83  60 108 125 100  18 173 146  55  42  34 161 197  92 
 45 185  10 137 177  88 199  22 159 172  67 154 197  96  30 179 112 167  83  28  71 149 129  14  47 106  29  53  52 116 140 135 142  86  20  36  40  60  78  33  74 156  67  72  11 154 
 57 121  23 104 192 151  13  89 195 158 181  66  94 105  31 114 152  86 172  43 142 171 186  70  14  17 159 120 130 173 106 194  48 180 117  14 123 104  47  32  34  42 197 188 137  17 180 140 160 102 189 178  60 163  17  49 125  61 
114  90 178 187 117 122 120  63  51 172  56  28 107 112  10  20 189 118  67  94  18  34  34  70  60 129 141  42  81 179 147  69 173 139  22 152 137  88 114 148  94 173  35  49  28  82 109 182  23  22  29 171 191  56  31 131 137  39  96  22  45 130 164  20  31  43 147 151  77  69  78 187 200  76  77  60  37 163 174 137 177 134 172  23 144  68  38 189 107 197  57 173 101  13 194 168 156 190  86  51 194 100  33  90  40  91  69  61  78  30  16  41 107  82 177 
 78  89  73  49  91  49 118 170  51 172  18 181 167 111  20 166 164  48 118 107 155 118 147  82  45 165 161  31 169  70 161  14  40  63  86 114  66  23  91 180  13  98  88 177 108  49 123 177 154 146 106 100 191 108 199 173 107  72 100  93 122 117 152  20 124 101 111 147  63 171 135 156  77 200 187 168  26  39  39 
108  35  87 145 110  64 180 164  26 183 163  89  61  75 157  85 184 100 166 107 112  59  92  52  74 178  41  77  41  22 105 117  67 123  20 183 164 130  83  11  61  45  33  16 156  29  43  79  46 114  97 120 197 181 191  90 113 146  52  91  38  69 168 126  10  61 111 104 149  60 113 197 149 186 103 162 162  83  24  45 148  26 119  34  42  13 118  61 111  78 177  96  51 166  52  86  94  40  24  11 175  32 109 100  33  57 180  70 119 
 33  93  54 160 118  96  49  14  66 102  11 185 107 145 173  96 107  82 195  81 149 171 144  70  62  50  67 196  72  80  38 119  30  45 
 45 115  63  67  41  84 185 142  77  32 173  23  72 169 188 156 131  29  88  43  51  35 112 122 111  19  15  92  58 178  41  65  68 121 150 186 114 199 100 175  47  77 144 156  93 141 
 27 189  75 188 189 172 116 103 135 176  27 111 193  54 105  54 107  66 198 190 187  34 137  13 162  98 178 187 
 69 137 174  44 185  10 144  75  36 117  81  16  94  87 193 105  78  57  39 177  73  51 152 197 143 109 101  13 163 119  37 135 188  39 135 136 133 161 115 134  58  29  62 154  92 119  36  67 180 129 193  14 101 127  49 149 135 134 130 167 115 186 129 157 155  70  91  49 144 112 
102 145  52 128  81 131 173  33 127  47 153 119 194  13 115 115  64 184  74 163 126  92 160 100 162  21 165 184 187  60 197 168 170  77 179 185 139 168 173  92  55 161  14  79 164 181  22 130 113 195  21  25  30  17  63 176  77  46 128 150  10  54  34  17  18  48  95  63 152 171 108 133 170 106 159 107 194  24 131 186  87  15  26 140 171 127  43  17  78 192  43  24  53  88  14  30  18 108 173 163 155 171  68 
 66  48 118  49 176  44 129 104 191 122  69 104 113  95  99  59  83 179 169 119  19  86 177 131  70 144 177 162  56 152 120 135  68 112  65 117  85 131 161  35  82 133  35 149  10  58 145  27  85  71 179 148 114  62 105 105 194 186 113 106  90  43 175  52  13 141  85 
102  18  91 170  81  19 181 147 119 164 135 195  76  83 189  25 171 194 180  72  33 154 169 136 118 160  68 178  19 113  90 115 128 122 154  50 184 136 149  11  79  57  23 102 198  87  92  52  70 179 175 155 176  54  23  78 173 155 124  62 185  39  86 122 126 138  43 131 151 171 147 119  45 109  56  61  38  50  22  13  52 110  75 123 171 109  25 177 168 179  31 113 139 180 164 142 130 132 110  70  53  64 183 
 99  79 124 147 100  60 127 156  53 106 118 141  33  42 120  81 132  47  18 149 118  17  65 190 124  45 164 153  97  56  45 173  66 180 163 153 189  32  31 199 112 173 147  96  78 170 167 167 160  11  84 182 137 180 163 100  84 150 168 130  57 160  29  65 106  76 170  42  33 195  48 197  11 146  99 162 160  68  46  75  78  99 171  42  73 153  47  44 150  10  91 172  28  53 157  45 130 153  44  94 
