200
 72 158 193  66  37  73 157 187 142 134  86  65 144 188  12 190  28 121 112  98  86 181 159 157 118  72  60 132 112 117 112  74 193 189 156  28  36  38 164  80 168  43 172 107 162  56 193 141  55  25  90  62  90 156 151 136  64  54 180  29 172  50  47  48 194  56 121  27  24  31 120 184 185 
117  52 149 182 184  97 119  53 197 196 152 144  42  51 106 137  64  56  73  31  54  86  93  69 105  53  94  79  86  41 126 165  57  55  62 105 182 198 190  94  98  55 193 157 159 132  35 110 144 178 110  29  26 185  80  97 111 122  11  84 165 142 122 138  98 108 110 180  58  86  43 134  97  54 100  90 100 168 194 140  13 164 140  79  31  87  87 131 132 104  34 120  91  13 191 141 186  35  25 112  68  38 132  42  91  20 103 162 137  98 164 178 181 133 128 122 143  91 
 36 152 127 103  87  37  16  64 148  74  68  40 141 178  58 162 198 169 159  49  10  30  51 120 130 162 170 103 109  56 178 189  18  59  92 146  29 
 54 100 154 133  24 161 112 198  52 125 182 146  83 105  22 112 164 144 139 131  74 169  50 129  10 163 112  29 108  47 142 149 189 125 110 133  69  13 160 142  85  92  38  47  78 142 135 164  27 132 140 124  54 163  62 
 75 193 173 117 110 135 161  63 113 147  93  64 186  75 174 146  30 173 192  93  43 157 164 162  89 156  28  59  77 119 175  93 171  10  30  93 167  30  21 143  86 174 111 135 142 142  51 107  58  97  83 196  39  57  12 168  43 114 132  10  60 198 115  91 136  65  84  56  29  50  81 152 178  66  11  36 
 36 149 194 172  98  11 134  52 200  60 162 171  25 125  82  37  20  50 173 136 162  11  67  96 116 143 134  69  94 114  22  88  23 154 105  30 141 
 63  78 186  66  65  94 127 195 114  59  13 125 133  77  63 147 110 197 101 166 116 196  59 167 194 117 172  26  52 109 160 195  15  75  38  42 115 133 125 160 106 142 151  97 101  80  82 148  10  32  30 182 182  21  57  54 151  60  51  58 191 151 165  93 
108 130 138 105 195 146 110 135  64 195 111 152  63 118 113 185  58 188  70 126 102  37 194 152  76  76 105  71 129  93 129 161 153 119  73  19  24 130  34 116 164  32  47 181 168  50 113 187  40 199 143  82  17 108 105  95 124 155  77  98 137  65 186 180  93 197 200  29  27  52 144 126 135  39  52 185  46 185  61  28 164 197  29 109 147 156  13 194 188 163 157 112  78  60 171  80 100  98 113 198  76  55 133  40 185 136  75 177  94 
 87 100 100 167 164  21  44 134 159  97 144  95  65  56 119 124  85  97  49 198  40 157  22 145  76  88  74 194  51  44  64 199  40  33  25 161 182 161  23  89  42  30  14 165 138  74 114 172  82 112 107  65  52  40 159 148  13  74 127  44  11 109 129  14 122 110 176  22  85  52 164 172 147 190 142  99 194  19  41 161  36 158 133 125  94 125  60  67 
 60 192 197  69  27  95 187  85 197  56 171  52 171 197 135 129 112  56  43  22 139  71 135 162  90 116 122  73  29 143 102 171  95  96 199  11  25 127  68  52 107  41 110 125  80 138  54 175 160 140  69 191  62  88 154  67 144 110 152 118 153 
 45  86 152  79 190 193 171  91  92 176 140 180 167  83  15  54 142  86 118 149  13  30  32  66  81  53 191 150  65  94  65 191 119 149 143 188  38 134 111 196  42 170  67  40 163  38 
 99 152  85 161  57 128 100  92 181  27 126 181  40  16 160 131  93  89  37  49  89 161 197 189 173  39  32 200  54  50 123  46  76 163 122 189 118  74 104  77  44  77 141 179  96  90 185 155  81 182  69  29  73 128 200 113  30 123 175  17 161 180  55 164 178  89 107  42 119  53 182 150  43  88 191 175  71 142  61 165  27  81 128 158 123  92  17 174  44  84  87 163 118  78 113  34 168 182  15  31 
 24  47 117 192 120  87  46 193  72 153 127 190  70  32 177 111 136  54 138 128 114 129  44  43  38 
 24 103 186 105 190  43 148 100  82  45  26  33 108  66  68 101  15 104 189 188 169  94 120 117  66 
 72 157 184 105 137  14  70 135 120 158 166 104 182 187  28  42 161 168 177  26  66 103 177 184  70 105 129  79 141 128  95 165  39  65 102 200 146 126  31  34  77  71  37  42 184  18  66 181  15  52  48  69 168 198 167 179  12 142  41 113  61  65 114  78 172 159  97 128  54  54 148 119  27 
 87  57 163 195  26 187 103 116  99  59 146 147  19  75 122  42 131 129 193 157  71 144  47 167  93  73 141 155 151 104 106 179  77 134  27  83 119 151 171 123  84  99 182 118 156 101  55  76 170  67  65 182 114  72  22  84 166 138  92 186 173 139  98 137  39 108 190 105 196 134 192 164 147 195 128  40 130  76 137  80  51 140  48 171 170 129  36  83 
 69  58 143 117  56 154  19  90 199  30 194 173 199 142  75  15  68  37 150 142  34 132 199  56 119 103  76  82 126 132 114  51 159  12 153  40 103 149 176  74 133  98 178 120  38  29 156 176  86  84 124 174 103  22 196 197 200  87 198 172 108 126 100 156 134 169 144 175 155 127 
 96  35 170  84  97  33 113  31  78 120  26  82  37 102 134  25 155  77  51 175 181 129 167 113 152  20 101 195 183  58  48 127  93 172  36 132  25  14  61  92 107 117  88 177 144  27 108  63 146 156  75 139 179 137 200 142 161 186  19  50  81  97 148 137 169 117  14  48  54  90  22 110 139 125 103  90 134  15 136 158 103  67  38  13  70 154  95  45 140 179  95  15  86  95  70 114  15 
 57 181  76 190  66  52  37 177  57 115 117  50 115 192  36 100 138 172 125 104  53  79 172 172 200 173 186  34 150 161 190  30 178 182  78  47  35  37 142  93  30 115 182  73  27 183 145  73 154 100  70  32  86  24  75  70 172 152 
114  24  96  16  73 102 181  67  38 181 187  24  37  19  48 109 136  60 167  77  89  79 130 200  18  43 193  46  55  87 168  85  78 145 179  84 101 113 186  42  75 115  94 103  26  57  48 115  55  68 138 168  25  88 121  28  90 124 115 108 191 172 192  28 164  30 182  79  52  18 195 152 133  73  14 123  23  44  71  96  83 133 123  13  89  99 137 171 105 195  31  57  33  60 169 147 165 174  84 148  16 142  44 170  21 113 198 196 126  11  46  82 186 188 166 
 51 192  84  38  99  91  69  56  36  87  74  78 159 150  51 195 165 164  52 179  61 107 119 155 126 132  77 133  39 102  19 161  77 104  93  67  83 102  19  47  86 174 125  84  99  33  96 163  30 123 147 136 
 72  96 104  52 148 195 155  48  10 189  95  94 140  71  55  96 120  96  64 141  23 107 139  31  90  77 157 189 182 146 174  83 197 153  59  21 178  72 175  29  25  50 162  81  57 190  50 183  68 198  66 164 123 108 194  85 123  81 127 159  70 192  14 105  14 114  32 100 128 110  93 103 156 
105 200  48  77  91  40 186 138 168  96  13  33 132 175 112  43 142 101 139 166 137 151  11  22  51 165 159  13  35  11 151 125  67 144  37  61 197  20 135 148 128 118  90  96  21 127 189 150 179  84  14 171 124  43  67 101 181  24  56  60 118 113 129  81 185  76 126 182 187  85  56  43 197 152  54 187 128 140  47  47 130 101  43  93  14 119  73 104  23  68 123 183 195 135 143  80  83 111 124 195 102  40 186 121 181 122 
102 187  93 147 147  73  49  99  30  41 153 172  38 126 182 178 134 148  71 111 148  73  78 173  41  26  61  56  38  94 175  91  14 108  13 118 102  34  12 155  14 182  14 175 136  24 137 197  72 167 145  87 158 108  57 144 189 126 146 180 163  66 149  43 167  34 163 136 107 164 188 178 107  25 119  33 186 159 155 113 120 186 193  48  98 119 119  74  48  39 114 181  38  15 122 140 199 159 116  62 171 109 142 
 69  61  19  73  33 158  93  87  64 159  38 131  38 164  93  56 138  57 168  44 136 152 116 168  13 156  37  62  62 200 114 156 164 190  45 103 182 111  34  43 173 187 134 141 118  80 106 172  52  87  59  83 111 168 151 121 183  25  19  59 196  29  37 192 176 129 101  38 191 164 
117  34 100  98 144  48 137  89  18 158 185 152 132  94  48  44 123  27 180 167  60 197 171  20 140  79  94 156  79 132  44 198 188 157 106 170 198  51 199  30 174 171 161 105  23  71 150 135 118 164  78 190  83  47 118 151 138 169 198  32  61 146  91 176 185 114 176  78  59  91 149 148 161 199  83 108  47 166 171  34  77  88 106 128 115  36 111 159  96 104  64  12  73 167  27  99 176 122 137  50  61  37 154 130 199 111 148  78 126 191  51 196 100 179  83  55  61 149 
 36  14 130 180  18 188  47 115  47  45 132 150 119  15 138  20 131 117  76  11 195 147 120 119 160  72  60 139 141 158 174 116 113  35  19  98 152 
102  24 163  87 197  78  89  23 157  60  81 188  40  44  67 107 156  33  54 153  96  53 103  35  81 182 112 130 166 119 151  79  31  24 187 150  16 130 167  70  96 175 156 164 111  52  92  99  45 172  90 140 178 144 155  62 164  96  28  62 118  55 198  16  69 171  43  10  87 124  25 107  68 102 134  98 103 130  72 124  56 194 127 184  50  60  81 104 106 123 112 131  74 109 195  13  56  15  84 127 195 155 134 
 99 158 152 193  59  37  84  50  10  47 122  39  69  98  59 113 100 146 166 110 135 179  23  39  56 110 129 125 154  26 199  94 173  52 114 193 149  65  95  12  11  88  66  82 138 136 142 128  50  40 159  12 182 175  66 147 172  69  70  78  65 193 113  85  50 184 154 165  83  31 154 128 139 146 150 148 148 180  12  67  30 135  58  44  75  10 135 179  77 196  74  15 162  35  58 126 174  88 115 126 
108  30 173 177 143  54 150 122  16 170 177  48 175 165 163 142 147 136  84 123 179  11  56 114 197 102 127 110 111  40 149  45 122 186 120 171 195 114 135  84  16  83 135 188 126  63 133  27 179  87 120  22 136  81  81  94  66 131 109  50 179 193 144  68 114 103 166 168 126 105  43  24  57  18 128 140  39 112 131 143  62 140 156 178 104 191  80 118 103 156  21 143  75  49 132  31  69  88  58  21  30  22 190 130  42  71  19 141  76 
 54  21  78 175  32 108 168 128  72  94  86  92 106 178 200 181  48 175 165  93 152  27  33 111 193 125 110 198  74 178 106 190 144 132 141 198 109 134 140  87  48 179 133  36 102 197 178  46  94 130 130  95 179 114 184 
 48  53  19 176  45 178  81 119 153  99 172  75 102 106 172  27  94 159  56 153  85  34 157  43  25 156 160 196 190  24  89  27  65 186 163 151 119  98 100 138  62 156 158 149  17  16  14 136 150 
 84 120 105  71  86 193  86  45 190  26  74 106 148 139  12  16 156  42 169  86  87  74 125 164  51  24 193  40 136 152  96  49 103 122 174  57  62  62 192 121  67  83 137 179 154  51 195 162  15 149  56  74  90  25 171 180  50 170 134  23 106 165  84 166 131  61  71  23 196 101  98  27 141  28  62  20  27  33 160 116  21  18  23 155  72 
 69 118 146  73  62  47  87  60  61 156  94  84 125  25 158 111 132 121 140 116  13 128 151 157 135  61 193 139  84 123  98 198  72 126  87 159 134 124  48 150  86  19 127  64 185 153  22  93 136  42 179  84  47  22 176 106 183  38 121  21  31 121  79  76  91  98 104  39 200 196 
 87 115 195  94 141  76  72  53 179  23  86 155  85 101  63 143 102  60 156  80 161 149 193  19 189 135  63  54 103 160 199 119 160 188 192 132  42 114 117  71  42  70  85  62 170 140  91  98 155  65 140 134  74 129 188  30 134  73  87 113 151  89  70 192 157 189 153  66  81  42 151  53 184 154 101 126  23 144 134  23  67  91  37  24 139  37 144  79 
 96  56 102 196 105 101 151  58  27  50  50 195  43 194  65 188 192  71  61  85 115 131 179 192 196 146  56  20 134  49  62 134  75 111  38  72 133  88  29  57 139  10  35  53 182 103 199 109  42 169 169  51 127 184 102 180 102  18 167  25 184  30 123 171 122 154 151 195  82 139  68 188  17 150  94  51  60 198  91 166 186 177  63  18 149 117  66  77  29 128 110  74 110 158 143 192 177 
 30 148  52  22  42 119 102  50 171  65 164 134 168 184  80 126 198 165 190  34 151  52 131  87  70 200 198  56  98 129  50 
 72 171  22  90 166  24 129 150 155  86  37 109 174 129 114  62  94 161  84 116 133 130 113 168  46 200 180  75  94  94 125  28  47 135 182 150 131 119 127  37  47  17  87 116 121  76  72 125 142  47 135  49 131 123  78 152 107  49 150  64 132  94 102  63 171 104 116  69  26  99  21 142 191 
117  92 132  86 122  72 186  15 151  26 170  26 178  96  26 185  20  65 186 112  97  27 153  81  81  38 149 101 122 127 134 114  57 128  61  91 108 187 113  48  16  97 106 178  69  41 113 108 165  54  90 128 198 100 107 169 174  42  41  14  71 158 103  31  67  45  58  16 165 161  42  27 158 109 183  45  19 171  96 119 173 113 172 174  31 101 180 110 187  51 124 138  24  47  60  70  73 163 135 113  27  25  20  42 112 128 170  55  18  11  20  19  23 196 147 123 119 121 
102  18 121 128  45 184  28  51 141 136  24  52 158  11  95  72  37  68 158  78 126 172  46  12  10 101  19  65  20  40  94 126  27 102  72  59  10  34  97  47 106  79  40 132 195 168 118 158  60  63  67 150 115 182 143  82  52 179 131 191 195  13 102  74  19 155 140  35 194  52 173  95 199 136  93 138 123  44  42 143 101  19  88 175 130 122  30 187  38  78 107  11  80  63  26  39  59  43 157  65 118  12  74 
 69  76  53  86  13 185  70  46  20 183  31 146  29 147 165 102 187 111  29  47  77  19  62  13  39 141 132 100 150 115  47  64  18  25  10 144  95 108  81 100 170 133  19 182  37 103 106 164  57  62  85 141  36 119  61  83 174  97 106  94 133 133 180  50 184 146 126 134  69 116 
 54  34  69 142  97 101  56 113  63 170  28  68 185  85  56 181 106  57 125 153 170 105 102 176  22 106 151  72 187  21 139  22  84 122 130  25  57 101 104 130 131 195 180  36  86  74 185 111  58 147  65 104  75 186 178 
105 159  21  58  98  26  19  10 124  47 108 141 177  87  13  75 108  41 140 160  14  95 140 159  29 143  65 179 174 160 178 123  71  87  12 161 111 152 116 199  21 171 189 150  81 145 192  40  75 163 191  75  11 172  95 139 131  16 139 111  68  18 147  82 123 117 197 172 175  31  92 105 166 107 148 135 161  65 160  60  71 139  26 139 142 129 102  36 102 176 143  87  16  66 191 151  10 143 116  62  73  47 189  58 116  14 
 33 172 100 148 128 105 184 176 122  58 142 197  34 152  10 101 179 174 195  83 154  84 145  45 193 198 171  97  20 182 130 182  35  98 
 39 181 113  85  32 148 180 151 138 154 114 125 102  15 173 151 186  14  86  33  19 199  58 156 109 108 101 138  79 115 103  27 182 121  38 188  59  93  62 189 
 39 153 152 162 175 128 142  12  81 185 107 129 128 103  52  81  90 199  66  96  89 155 190 136 118 171 188 186 133  47 163  28 155 174 173 194 192 185 114 124 
 84 195  13 186  58  21  43 172  79 136 147 125 183  90  50 188 183  70 121 165 147  77  22 101 104  58 149  31 139 178  61 176  35 187 111 177  26 160  82 194 181 119  82  96 175 195 107  80  98 190 146 191 157 127 184  28 106  63  57 118 100 151  34  25  62 168  74 177  49 116  63  97 159  31  43  55 170 188 167 155 131 187  44 113  61 
 72 159  97  56  82  47 164  18 197  73  31 116 132  73  76  12 174  89  26 153 132 158 133 160 193 175 178  67  63  40  69 135  10 135  11  13  58 187  26  64 152  91 136  56  75 145  99 158 103 132  75 132 159  53  16 145 200 139 136  73 175 180 124 119 167 173  87 182 105 105 162  30  35 
 81  24 153  58 169 180 148  38  52 188 166 185 174  31  58  60  72 196  59 157  73  17 181 105  83 128 162  90  82  25 126 169  85  71  81 157  23  25  66  40  10 149 119  10  50  56 151 121 114  34 160 199  15  44 176 175 101 156  95 154 142  85 188  30  82 160  66 152  89 187 149  11  62 190 165 196  62 183 190  64 129 118 
 39  23 115  14 179 105  33 178 166 175  14  61  37  20  58  74 198  88 124 169  93  63 139  91 150 149 124 192  98  87 166 141 125 113 167 168 148  12 125  42 
 96  56 157  79 137 187 106 120  21 189 160  68  60  30  37  18 170  70 151 118  16 126  95  28 181  62 195  47 177  51 143 178 110 113 156 140 197 157 143 162  22 174 174 161  54 148 174 171 120  73  98  32  65  50 181  93 161  59  81 139  37  80 149  39  35 159  51 155  66 181  79  15 165 146  40  44 197  17  72 122 132 158 126  39  69 114  72 157  90  14 107 189 130 112  68 171 106 
 42 166  81 134  32  28 103  72  65  88 141  72 127 186  18  74  69 171  67 121 131 181  85 181  67 136  15 177  63 106 143 184  85  86  24  39 176  49 174 121  57  89  76 
 33 198 122 128  75 134  16 117 103  70  88  97 165 144  79 128  93 194 158 136  74  45  62  12  69  95  14 176  53  49  98  80 169  30 
 27  40  25 166 162 159  17  23 141  93 109  71 191 196 144 112  11  30 109  14 167  74  57  99 103 108 108  45 
 24 174 163 178  70 156 166 169  39  70  42 112 138 135  83 160 168 192  74  53 118  18 178 188 139 
 27 162 128 181 121 154 137  29  74  48  91 135  61  14  47 170  54  78 191  59  75  59 139 100 151  92 154 128 
 42 169  18  24 192 138 192 146  46  18 158  22 134  34  90  49  78  37 198 151  37 149  12 103  53 172 180 187  26  97  58  25  89 193 113  29 165 122 105  38 144 192 108 
 78 114 163 169  18 158 109 200  82 157  57 115  62 146 158  44  34 192 183 189  41  88  46  20 176  59 134 152 126 146  65 160 161  63 117  64 189  94 125  22  13  18  38 126  34 193 174 181  67 143  40 188 163  57  34  49 114 125  32 192 169 131 154  36  10  81 152 121  29  69 115  59 179  17 147 196 113  59  93 
 54 178 159 193 184 122 135 152 181  40 188  58 176 175  67 171  22  48  88  45 117 117  32  90  32 188 104  84 154  66 119 137 193  52 182 115  48 186 120  26 122 106  35  70 179 121  11 135 129  26 118 103 151 129  25 
 63  34  61  25  34  82 184 161  70 194 132 119  83  21 125  13  96  61  99  77  77  10  99  53  23  98 196  90 170  92 159 137  97  25 157  49 124 104  26 125  75 174 140  55  96  11 192 122 173  55 195  11 102  22  25  77 111  79 101 167 172  23 164 166 
 36  24  24 161 108 155 100 140 160  21 149  75  34 167  10  36  77  10  87 160  48 174  97 162  89  35 130  28 176 182 174  72 184  65 145  70 181 
 48 130 174 192 174 110  86 176  63  25 198 115  27 131  72 108 166 192 107  76  32 174 184 155  79 154  44 165 117 171 135 195  16 172  10 119  34 113  20  54  79 116 104  79  29 165  31 114 149 
 30  87  51  63 152  55  63 157 124 119 177  53 109  20 105  58 170 128 133 167  62  30  55 171 191 177  90  50 108 155 148 
111 131 172 183 190 188  87 123 168  78 135  38  53  78  13 114 175 137 151 154  98  52  44 106 184  21  99  32 192 117  43  57  35 106 193  42 196 191  63  33 146  95  12 143 110 164  92 101  86 115  31 170 195  13 108 103 171 127 142 134  47  38 184  97 198  48 183 111  26 174 135 104 121  22 159 119  42  58  47  30  58  58 169  68 177 186 119  50 101  20 139 116  22 134 117  36 158  77 187  88 176 184 123 100 138  42 140  67  76 184  97 187 
 24 167  31  18 119  58  61 100 153  45  63  78  47  11 114  25  54  38 160 129 119 122 119 135  25 
114  54 113  37  14 130 141 133  58 121  34  88  30  87 100 122  80  36  60 164 186 184 182 143  67  15  59  73  94 135  70 176  74 130 165  91  66 147 157 191  26 107  50 180 170  45  46 107 124 200  75 132 105  39 116 154  14 114 150  17 178  92 191  97 143  66  98  62  49  74  98 138 147 133 183 107 151 177 108  83 189 197 163 175  16 174 158  57 199  72  19 186  14  62  76  39 135 165  42  62  41  29 158 114  19  57 196 140 138 143  43 162 153 149  97 
 21  28 134  35  69  70  37  26  63  39 184  31  15 135 102 103  87  14  76 127 157  37 
 93 173  28 129 160 125 133 142  25 108 117 175 165 147  94 102 179 160  21 171  56  61 190  99  49  56 131 164 162  65 151 147 134  34  73 165  19  87  14  92 168 156  58 196  95  47 147  77  43  98 105  77 137  33 198  65 187 166 178 130  75  60  70  54 190 126  58 120 173  83  17 133 108  44  45  95 135 118 153 164 116 123 171  39  23 129 150 164  84  58 106 125 126  93 
 78  75 167 125  86  33 179 180  90  28  22  65 152  60 200  60 122  84  65  96 192 105 127 136  66  99 130 110 100  29 121 164 151  96  17  40 145 183  90  80 178  29  62 150 165  49 182 133  28  69 145  29 139  79 104 128  58 156 152 156  67 196 116  10 144 102 192 162  79 107  62 200 114 171 147  54 123  97 161 
 30  64  54  85 193  73 191  49 159 145  53 118  22  79  55 166  42  60  69 137 160 139 134 171  31 136  72 192 153  68  81 
108  25  88  77 128 190  76 117  12  28  44 180 195 145  88 116  19 104  91 137  72  33 183 176 194  31  70 161 152 112 175  57  51  17 142 119  90  64  30 200  23  80 156  67 132 118  75  73  85 145 173  67  46 106 146 181 126 141 131  18  49  55 160 112  68 132  88 170  82 135 173  76 164  47 193 134  95 108 173  95  23 169 104 179  30  30 160 111 106 177  90  74 116  25 141  50  30  88  10 120  68  50 114  91 184 188 121  37  29 
 96  37  45  30 156 184  50 105  60  47 125 112  10  43 189  88  62  83  23 200 169 157  49 161  94  10  80 178 194 116  27 166 154  68 103  27  53  32 145  68  42 115  66  35  97 141  79 200  40 126  64  77 141  12 171  16  65  38 192  81 114 156  47  68  67 115 100 179 131  63 138 148  12 153 137 148  30 131  46  52 177 143  72 121  94  99 154  46  31  89 167  78 124  33  74  21  37 
 51 112 111 112 160  68 147  16 139 198 176  76 134 136 161  48  28 161 113 129  83  75 166  92 177 119  55  93 123  54  89 185  21 158 196 188 194 188 181 171 190 164  59  96 117  22  95  31  69  95  50  94 
 72 126  23 126  82 181  57 180  73 115 179 194 135  47 144  41  16 128  49 161 111 178 136 152  16  52  29 172 184 159 159  10  33 162  67 111  97  66  83  78 182 128 181  68 165 170 177 106 181 165  87 137 109  95 115 101 167  59 160  77 154 104  74  23  67  28  51  48 102 154 162 200 160 
 66  77  61  97  14 107  76 187 108 175 178 107 190 108  59  50  10 140  83  52 160  32  85  54  95  94  21  11 144 155 179 149  41  59 143 183  67  12 172 164  76  60  66 144 195  11 169 113 133 123 189  81  51  30  49  32 195  79  39 132 134 109 141 153  12 116  56 
105 187 118  35 102 192  63  54  33  33  42 164 106  45  47  49  37 176  63 187  27  80 116  63  58 161  63 171 127 191 148 183  41  10 196  77 124 167  43  23 104  39  82 117 184 128  23  27 169 133 190  87  44 197  38  13 179 185  43 105 187 135 175 137 184  81 140 107 111 145 173  90 113 193 192  81  56  76 103  72  16 156 182  41  75 153 145 111 100 127 128 179  40  40 142 161  60  29  74 104 190 155 152 177  77  92 
 27  98  39 168  15 134  37 193  26  13 142 185 104  97 195  58 111  51  61  47 179 143 139  89 191 107  18  84 
 90 175 147 171  15 105  98 131 117 186 156 152  82 148 171  58 101  72 174 127  47 132 112  44 139 166  25  72  65 140 103 148  18 193  13  67  90  38  50 104 189 151  69  79  14  97 120  96 114  76 107  32  77  29 178 117 104 162 185 193 114 137 158 118  28  98 141 118 182 100 181  98 181  81  81 113  94 154  21 157  20  74  20 155 130 177 129  82 128 140 144 
 27  47 200 147 156 176 133 117 194  34 181  48 178  92  68 173 172  47  44  89 142 151 120 144  24 123  37  19 
114  39  81 113 110 123  37  45 123  85 111 190  15  60 172  89  16 113 164 169 179 196  89 170 120 132  68 166 198  16 152  18  12 177 197 130 132 120 193  79  90  85  90 101  11  21 135  77  28  38  23  36  60 145  14 102  89 117  67 169 115 160  76 149 178 149 135 134  90 137  75  88 118 140  19 116  98 113  76 108 166 139 132  15 187  90 191  29 152 185  96 129 110 183  10 157  49  75  84 173 161  51 180 171 196 157 133  57  11 128  80  27 129 158 140 
 87 104  90  50  47 136 165  74 165 164 118  12  21 128  17 144 151 163  81 143  72  34 164  44 158  89  40 199  31  26 145 188 113  87  42  67 157 183 191  91  57  94 109  81  73 117 198  81 198  15 192  61 126 194 154  69  62 179 143  41  23  82  13  19 140 174 165 199 200 123 134  22  71  94 103 121  16 165 111 137 145 168  63  87 198 182  50 130 
114 178  97  27 121  73  77 182 119 158  72 150  45 179 127  28  27  63  73  90 172 132  71  20  58 120 103  82 181 192 188  79 185 194 141 155  30 160 151  53 149 130 103 116 127  57  50  64 143  16 109 117 178  22  68  31 115 127 127 127 105 200  75 191  59  33  51 128 101  54 138  48 141 100  65 125 200  37 175  13  65  59  74  24  78  25  54  17  93 166 126 110  74 192 100 134 130  35 130  11 120 173  23  15 152  76 154 179 177 118 169 135 109 130 129 
117 127  96 134 112  28  73  79 200 113  49 104 129  33 159 181  63  20  26 174  16 116 186 173 119 184 144 159  59 152  53  90 196 165  54 107 178 128 129 118 185 196 172 178 176 144  39 168 161  23  72 125 148 157  80 188 124 111  95  87 163  45  51 102  15 168 107  95  39 131 184 152  93 128 136 106  55  38  86  85  17 124  87 101 108  77  32 169 115  39 192 184  41 146  97 195 176 163 141 102 113 105 105 192 172  63  40 161  89 112  77 131 116 196  97  58 129 194 
111 103 124 105 156 110  35 155 160 200 173 118  90 130 176 188  26  71 199  45 109  44 123  43  74  60  11 189  84 129 169 142  81 151 155  76  99  15  96  39  11 130 199 125  41 199 186  27 132 116 159  70 115  99  65 122  27  21  12 170 181 120 100 154  38 140  58 134  29  61  82 114  36 166  97 117 142  96 156  59  13 194 174 198  15 151 125  86 170 149  44  54  62 110 179 104 119 170  19 121  59  40 184  34  99  67 130  40 116  57 187 149 
 48 186  44  61  31 172 121  79 131  74  63  75  52 187  11 142 117  33 105  98  37 183 156 148  25  88  45  85  35 180  69  53 172  82 105  91  13  90 118  41  10 191  10 173  83 139 144 169 140 
 51 138  15  68  56 121  24 178  19  54 177 131  92  14  72 162  32 119  99  49 182  27 175 134 143 111  62 145  46 127 159 182  73 179 173 133 153 172 198  20 185  35 163  72  18 149  50  65 159 198  87 144 
 30  80 130  26 163 153  90 136 107 128 106 101 127 100  18 189  85 184 178  16 173 159  12  62 154 147  21  49 174 142 161 
 84  55  19 148 142  42  90 139  21  66  99  85  57  40 190  98 188  89 125  57 173 132 170  13  29 106 184  35  49 148 197  53 186  69  97  22  11  17  55 176 159  28 191 156  35  43  36  50  12 149 162  17  52 138  94 140  33  21  85  76 156 135  95 102  16 121  63  64  13 158  36 196  35  76  68 138  58 150  59  58  76 155  76  47  69 
 84 174  51  89  42 107 102  37  73  55 200 107  80 151 180 164 122 146 124  81 118  47 139 179  71 152 100  40 143 144  95  53 157 174 160  62 175  87 169  65  38  32  99  44  67 176 139  88 105 169 174  13 195 163  57  26  97  62  97 121 141 110  49  85 115  84 161  48 129  77 149 158 158  87 194 167 114  34  66 157  33 170 118 140  27 
 42 143  31  81 119 179 117 190  60 159  99 117  90 119 120 158  86 108 122  78 190 179  89  76 166 170  24  24  53 141  26  60  63 124 129 191 192  41 173  57  84 122  84 
 72  29 141  68 165 100  63 164  60 189  84 112  96  72  42  19 168 176 192  80 140  30 198  64  57 136 190 106 193 105  88 172  41 143  64 129 144 142 142 125  57 127 124 139 184 153  90  24  57 111  25  74  36 172 190 153  60  48 114  84 188 163 158  43  21  65  11 192  80 122 126 162 145 
 54  86 106 171 195  94 188 142  13  31  10  75  41  37  70 195 162 143  43 190  35 129 171 114 162 129  17 140 176  97 123  10  53 152  36 139  44 197  60 148  44 106  75 144  35  87  40  62 161  16 138 195  90 114 118 
 78  71 195 172 156  66 188 182 190 143 164 133 163 197 140  10  81 138  52  61  36 151 183 184 132  38 148 127  94  84  63 104 103 195  37  13 199 136 125 110 130 167  31 157 163  46 172 143 188  25 117  21 166 186  96  85 121 149  97 154  25  18 137  46  84  81  83  37 188 123  50  30  10  52  71  92 103  41  33 
117  86 151  53  62 195  95 192  90  60 171 102  37  38 169 124  71 170 111 145 158  24  20 151 165  96  50 150 188 115 193 119  82  37  80  54 136  25  47  88 100  25  18 186 181  20  97  29  74 184 148  64 164  99 145  18 157 119  69  12 199 143 188 171  97  87 161 141 191 186  37  90  53  66 177 164  10 160  38 123  64  81 183  69 164  79  71  93 125 189 137  90  52  72  61  62 104 103 170 129 199 191  55 173  94 162  85 150  59 190 175  16 187 181 198  42 112 112 
 90  89 124 107  80 141 188  54 160  77  11  92  98 126  42  27  71  93 177 152  49 116  50  94 131  73  28 107  80  98  83 141 130 136  34  40  70  28 197 100 154  46 118  22  91  64  30 175 129 154  98 130  82  60  18 134 122 132  56  28 183 154  73  99 191 118 164  61 164 127 146 139  22 140 187  48  87 161 195 155 151  14  73 165  59  73 139 148  43  89 181 
 30 160 172 173 166 161  68 134  34  84 145  54  76  18 151 152 111  11  11 113  59 174 117  98 186 132  43  60 148  23  13 
114  72  31 133 193 164 177  91 139 170  51  66 168  35  77 119 185  54  34  89  29  19 134  38 159 140 133 118  54 124 166  70  35  51 158  33 100  65 194  24  58  26  70 191  56 132 144 194 136 105  42  45 108 170 187  49 169  11  52 161  77  78 198 199 126 157 123  56 192  26  99 136  78 127  13 142 163 140  73  29 111  48 133  51 166  64  77  92 113 117 148  65 136 121  89 180 179 175 126 101  16  32 131  15  30  50 183 183 131 174 177 127 121  66 131 
 81 114  58  58  32  26 154  43  45  31  14 195  19  10 135  92 178 181  62  31  17  56  67  90 190  55  60  29 115 198  49  11 162 194  15  62 123 119 173  34 182  44 153 177 139 170  51 152 170 178  88 123 188 195 153 174  36  41  27 199 161 153  26  22 191 166  21 190 126  75  41 113 199 124 133 198 122 159 153  27  88  59 
102  44  73 149 114  87  92  81 136 196  31  71 107 108  20  53 169 185  34 194 165  88 126 164 200 184  98  40  79  14 193  20 102  55  84 189 144  69 153 151  99  45  79  34 161 178  28 177 137 122 132 159 191  32 140  58  15 184  97  88  96 115 137  27  41  45  44  86 163 149  46  93 199 198 124  81 177  61 198  67  90 153 117  11 139  62  70  54 199  21 111  44 183 123 173 162 100 121  24  97  22 147  87 
 87  93 152  33 189 189 185 175  42 107  79  56 103 132 186  15  18 177 105 121  82 105 177 165 157  37 169 143 171 159 171 149 103 152 169  87 176  79 173 183  90 153  36  66 100 184 194 120 109  37  12  18  19 107 102 133 175  54 189 117 187  80 152 197  42 120 128  22 120 173 127 189  90  51  21  49  60 161 165 100  11 134 162 136  17 124  84  45 
 72 145 123 149  85  39 194  42  99 114 134 108  77 187 200 182  96 181  36 122 151  63 132 117 171 171 119 163  78  59 141  35  46  50  72  42 152 181  58  55 184  67  72  74 104 139 148 155  59 177  42 146  36  58  53  61  88 105 174 133  60  53 174  70 152 164 185 111  61  36 142  88  12 
 90 149  62  77 131 174 141  66  42 123 142  19 193  60  97 129 149 112  33 183 189  37  63 124 177 112 169 171 122  16  43 119 166 172 140 200 191  93 150 177 122  22 191 180 109  44 136  81 123 132 122  36 160 152  15  59 165  41 151  58 152  39  79 113 199  23 141  71 103  16 118 198  22 185 198  91 152 191  95  49  60 175 113  50  77 113 194  68  10 168 165 
 27 149 115  88 136  74  88 152  82 100 152  47  57  30 144 117 117 150  25 103  10 144 192  90 179 176 195 120 
117 127 125  93 108 133  54  83 180  94 168 144 139  90 189  30  65 114  32 167  77  54 133  32  84  27  75  70  70 172  14  99 197 116  83  81  68 191  35 169  97  22 107 164  29  15  17  93 128 157 152  29  90 137  49 104 161  58 148  42 108  30 160  72 199 188  11  81 169  47 199  30  22  34  67  53 161 167  69  65  86 102 144  24  65 128 119 105  56  99  25 150  51  85  54  70  99 146 185  53  72 133 120  80 143  22 112 106  37 113  63 196 145 100 176  55  29 130 
 69 142 125 171 147  32  70 120 170  56 195 150 108 122  86  88 191  86 197  25 185 200  84 200 193  91 168  29 102  57 127  68  20  71  19 109 105  72 197  57  77  37  55 102  35  60  95  28  22 160  22 106 154 138  40  68 140 106  91 188  24 158  49  31  67 116 188 117 131 199 
111 111 109  75 107 168  64  28  68  13 157 180 170 138  94 199 193 124 140  43  83  65  85 110  32 192 161  73  46  48 200 138 117  95 128 148  48  72 116  39  65 174  31 197  91 180  45 149  85 109 107 181 144 189  56  58 165  16  51  72  37  76  13  42  24  21 194 102 147 148 104 139 169 148 153 160 198 195  80 151  49 129 103  86 135 124 161  21 131 160 133 101 176 122 127  56 172  37 108 198 194 145 106  84 146 150  81 166  17  67  94 141 
 30 141  76  69  44 128  64  67 164 121  51  48 119  18  64 117  69  90  39  51 128  11  46  87  79 118 193  91  56  85  72 
108  61 169  83 179 146 134  38  84 189 198 189 171 159 162 163 101 154 137 146 133 118 163  54 180  23 111  89  39 103 132  68 155  94  46  62  60 104  12  31 177  25  65 176 197 100  13 147  80  72  73  20  83 168 100 114 144  15 106  38 107  31 147 186 195  59 186  21 167  27 151 184 162  52  97 117  80 130  53  55 141 158  73  85 130  47  70  15  36 132 169 173 192  67 125  73  18  54 136  28 157 168 156  18  62  65  55 152 135 
 54 105  63 112  84  96 182 168 110 150  77 146 118  91 143  82  79  26 114 119  65  85  67  36 140 194  85 117 183 186 173 134 154  45  67 171 164 127 190  65 100 179  49  65 198 118 167  15 189 200 110 187  73 169  37 
 33 166 151 167 158  51  36  95  22 104 120 183  54 102  66  66 142  97  94  87  45 190 124  60  18  23  24  29 170  68 146  87  57  69 
 96 158  98  49  93 180  53 143 153 192  89  47  75  24  58 154 157 183 155 194 153  11  94  31  66 106 127  86  82  70 197  98  94  10 138  12  24 198  47  78  22  42  65 105 135  40 173  96 195  62  36 184  76  97 181 192  93 162  46  43  75  69  52  52  89  92 180 197  31  86 156 160 179 175 118 126  42 106 117 190  85 155 158  77  14  16  20 130  60  73 144 185 192  83  41 197  14 
 72 132  46 181  93  64  79  72 108 161 140  56 189  27  86  92 100 156 198 140  27  50 175  53 168  46  49  19  24 147 153 101 145 131  75 116 138 166 175 145  19 168  35  63 200  34  78  95  33 161  22 190  41 162  94  92 184 174  60 136  70 101  97 132  30 130  30 187 120  57  18 188 188 
 30 108 102 165 173  21  90 110 175  78  62  98  99 175 121 111 184  30 117  98 132 189 108  50 117  37 194  52 194  97  49 
 66  14  53  28 173  62 109 159 140 170  56  17  67 167 127 121 126 186 139  32  46 147  49 109 104  20  40  82 190  43  24 164  89 146  97 116  26 194 150 200 145 179 111 118 175  58  98 186  72  57  30 166  94 155  82  97 120 104 192 130  39 171 190 115  91  41 152 
 90 108  76  90 169 103  34 196  57  54  36  16  77  72  22 129  70  56  14 200 143  96 167  27  55 173  42 132 104  32 104 114 166 113 139  76 144  18  65  48  64 136 174  19 136 115  55 110  76 175  62  16 176  91 107 108  78 121  78 131  76  53 150  20  19 104 113 134 159 111  74  38  27 193 169  46 163  24 146 146 174 170 199  83 124  40 108  78  20  86 152 
 63 181 128  25  65 176 114  58  54  56 106  97  42  27  90 119 113  56  87 193 144 161  44 113 197 122  66  23 151  85  21  49 154  24  49 165 117 111 107  11 117  52  92 153  43  40 118 178  80 197 180 119 152 183 139  93  73  62  61  54  16 100  69 153 
 66  41  65 142 121  62  59 107  89  78  94 114 104  49  11 114 177  56  40 106  32  54 146 165  89  61  33  83 185 192 133  18 151 192  35 172  74 178  16  45 130 173 192 115  15 123 138 134  88  40 181 124  22 175  39  15  98 121  62  80  97 193  34 172  35  58 163 
 69 191 200 142  61  36  33  21 180 186  74  93  79 161  33 114 141 180 136 111 128 137 166  16  16 155 133  37 185 185 124 156  10 165  57  28 106 183 114  23  79  98 128 123 193  40 189  46  61 135 149 132 114 174  82 157 152  91  15  50  28  60 199  33 158 154 179  23  71 106 
 48  94  56  45 154 108  27 130  45 195 125 193  37  56 103  19 185 103 194  29  98  72 173  64  51 120  36 115 194 151  35  95  43 116  44 140 130 114  72  83  30  15  90  46 197 179 163 126 192 
 60  76  72  15 109  66 128 168 149 147 169 136  76  15 192  28 152 139 168  12 123  34  41 120  31 136 136 158 137  32 142 110 104 187  53  89 104 160 147  73 108  19 138 162  65  20 121 172  89 188  86 198 167 176  64 199 140  32 196  83  94 
117  25  27 101  81  43  93  80  90  15 184 183  50 175 106  36 162  66  59 192  31  94 123  98  60 139 135  58  65 189  54 127 182  36 112 100  48 193  95  40  88 161 129  41 184 100  46  82 129 130 105  29  39  43  46 173  17 106  16 123  96  62  66 126 154 108 135 194  19 143 190 100  73 183  54  53 107 171 109  64  46 162 163 144 103 159 198  82  24 191  16  27 160 135 164 165 186  71 180 109  68  20  12  87  65 103  54 132 101 139 198  80  48 134  57 158  18 139 
 90 135 179 134  34  97  94  93  65  96 103 192 143 153  21 151  50 132  62 175 121 180  48  22 124  73  27 106 174 170  37 173  76 183 168 193  73  94  10  92  10  90 161 196 178  94 136  30  60  25  71 110  69 180  15  71  85  99  40 144  62  17  89  27  36 147  12 184 135 160 179  14 107 138  68  25  94 115  65 175  57 116 131  20  17 148  82 111  28  50  35 
 96 103 109  96 125 125 180  72  81 172  47 199  89  64 197 175 193 150 172  64 199 103  71  29  53 174 152  42 196  95 172 161 129 102  71 142 111 178 154 133  12 138 110  35 162  60 144 191  71  31  27  76 141  10 129  42  80 175 117  96 198 138  72  73 148 131 131 148  62  16 100 139 171 124  33  27 154 150 184  47 116 133 165  98 130  95  78  35 118  33 150 103 197 121  38  72 156 
 54  58 188 188  95  41 110 148  74 191  64  10  89 174  79 172 152  75  52  51  55 144 101 153 197  49 171 107  24  34  38  25 134  20  15 113  32  50  88 162  10  20 157 118 151 128  53  61 111 198 104  40  22 155 143 
 51  27  87  11 134 163  54 189 175 166 161 176 178 174 152 189 142 146  59 119  44 184  16  65 193  88  52 133  97 153  77 109 141 114 130 175  81 165 196 103  61 159  54 135  48  84 106  89  90  53 138 150 
 60  40  39  94  16 180 120  15 100 132  64  89  22  49  65 133  31 200  22  61  81 165  41  47  71 188 160 131  29  96 175 137 152  82  34 194 101  49 117  58 141 124 163  78 111  45  72 176 123  92 176  43  67 103 119  18 194 163  50 160  90 
 69 107 145  66  63 121 103 146 149  22  61  21  98 114 136  62  40 134  81 194 124  41  24 192 118 129 182 135 124  35  45  93 114 162  68 171  95 118 132  67  85 131  74  59 107 175 149 127 101  12  74 184  52 141  51  34 162  18  61  61 127 156  98  87 162 117  85 180 106 127 
 60 110  58  47 122  61 110 199 166 179 193 105 182  58 105  98  77  45 189  34 107  50 130 121  78  52 199  46  85  50  45 167 182 189 163  61  40  73 151 168 152  11  60 186  44  76  37  69  92 181 158  76  17 166 188  33 186 139 144  40 114 
102  32  57 172 138 193 165  78 102 112  90 155 111 182  73 188  12 182  61  38  74  44 119  13  35 144 157 132  78  72  16  44 194 192  24 120  59  57 138  76 197 146 169 126  89 154  99  29  27  35 139  77  95 142 139  53  76  89 160  30 182  77 100  21  43 184  67 132  32  39  30 190 191  72  99  41 114 186  67 129 151 187  95 129  56 116 134 171  78 169 152  41 131 143 112  26  28  88  26  32 155  43 169 
 66  69  28  71 124 135 196 116  24 176 146  54 163 117 147 198 169 129 159  81  16  86  10 139  12 111  37  67 129  16  34 181 125  21  44  41 184  34 130 150 176  61  53  83 145 162  81  57  84  59  47 182 140 112  81 122  35 197  73 177  51 199 169  19 174 192 119 
105 175  48 108  54  68 153 130  71 122 102  91 115  30 177  57  79 142  74  42 115  58 121 198  98 119 121 184  76 150  62  41 189 105 120  55  48  18 120 169  35  90 160  47 184  39 133  14 104  29 121  83  78 104 200  12 169  56 120 159  84  64  77 149 155 178  57 199 186 136  36 147  82  83 107 113  89  52  36 166 189  79 183  75 177 168 156 155  21  30  58 196  43 193  14  65  27  77  16  96 152  13 193 189  54 127 
 72 117 134  12  35 104  46  94 176  69 177 179 100 138 117  39  16 148  42  22 130  24 135 153  52  52  76 143  76  38  66 189 118 198 157 169  71 104  13  57  24 152  29  85  41 135  21  98  18  40  15  70 152 161  10  68  25  36 193 146  12  43  96 200  76 177 195  23  92 165 194 168 121 
 93  73  59  13 166  85 132  18 194 163  91  66 119 145 149  49  27  85 181  30  55 125  71  52  31 104  50  59 147  37  64  35  50  15 190  48 165 154 150 175 171  40 170  75 160  24 127  78  17  12 113  82 106 130 143 136  18 182 173 175 159  24  92  14  13  32  61 193 106  79 157  79  15  72  30 101  45  62 140 147 188  22  70 145  24  22  46 167 133 115  87  85 149 165 
 72 166  34  91 124 129 196 183 176 179  22 103 184  58  22  93 196 197 138 107 174  65  79 194 188 116 124 149 164 111  70 190  81  21 189 143 186 105 102 126  22 139  96  49 164 138 188  18 180 186 191 155 117 146 195  52 199 126 188 100  56  96  29 125  54  20 115 109 184  65 195 151  46 
 99  47  71  57 107 182 200 100  45 147 111  86 179 130  53  60  82  33 124 195  83 145 164  22  13 109  46 192 179 199  18  27  36 200  12 111 150  95  12 115  45 137 168 102  36  75  59 168 179  77 150  49  63  72  19 156  72 181 143 116 105 151 103  18 184  72 127 149 199 160  35 167  23  46 118  89 163 157  71 178 158  21 183 193  14 197 132 151  84 134 114  92  48  65  97  40 146  95 151 159 
 84 114  95  93 180 162  10  69  53 175  40 193  66 167 145 161  96  74  12 183  21  57 164  48  24 136 186  95  92  28  83  76 174  48  40  57 188  18  23  60 142 118 183  60  58  49 151  67 131 159 104  20 116 136 117  26 197 188 105 193 155  85  29 148 120 196  44 137 156  54 162 193  77 162 156  14 150 173  32 145  25 165 128 158  78 
 72 102  15 151 193 159 185  97 145  40 176  51 148  50 100  92 143 150 199 150  70 199 171 145 117 189 173  55 196 108  75 199 157  40  69 179 109 189  90 142 178 135 176  30 123 158 193 123 148  55  33 102 143  90  44 180  28  75  40  56 190 149  11  11 150 170 162  42 179 188 131  12 145 
 27 166 185  92 106 179  36 197 105 107 177  14  61 169 168 117  65  35 104  23  93  62 188  45 141  71 183 151 
 84 156  79  51 150 154  66  75 147 168 132 147  42  86  68  20  40 186 179  75 194 106  62 189  24 141 129 157 191 107  42 102 182 128 149 186  16  96  41 162 193 158  37  22 102  26 130  83 142  41 179 114  74  52  50 131  91 127  74  20 105 131 176  90 164  65 114 123 191  71 112 115  71 111 167  74 127 114 128 164  56 169 152 140  56 
 96  23 189  42 196  51 124 104  72  31 147 165  50 119  48 126  49  43 155 198 142  31 140 112 102 144  50 152 142  76  30 143 161 135 140  88  40 159 171  52  25  19 137  30  52 132  44 169 161 133 102 116  90  28  51 100  98 101 170  57 123  92  32 138 127 104 101  19 194  88 149  84 166 180 161 175 132 157  65 174 197 186  50 136 131  13  96  51  11 171 141 120 158 155  34  21  11 
 63  76 112 156 104 141  10 160 100  75  97 151  45 157 200  29 162 161 186 176  18 136 189 145  98  31 160 151  43 200 180 197  93 141 140  40 138  40 154 106  35 183 101 107  33 171  24 104 134 173 147 127 149  59  61  65  27 200  27 112 167 103 157  50 
111 132 180  52  95 125 194 180  44 111  77 149  19  68  29 123  91 106  29 119 102 169 181  47 173 127 178 138 114  78  20 135 128 154 114  23 110 179  71  67 160 127 163  15  90 146 146 136 158  19 183  53  93  46 186 194 135  83  37 116  24 183 137 103  28 135  56 188 129  26 109  60  34 113 156  22 100 171 156  64  91 189  76  99 188  31  91 138 193 106 147 197  58  42 141  16 160  59 130 143 105  11 164  21 148  99  96 155 132 136  99  52 
108 160  94 118  94 199  80  10 186 150  88  34 135 173  65  62 111 128 161 140 108  68 178 147 124  76  42 140  44 115 151  22  97 176  79  14 121  10  98 118  35  43 137  91 199 176 180  22  38  70  90  96 200 159 198 181  61 176  73  56 186 164 194  99 156  37  32 158 169  75  39  62  80 187  95 162  13  32 175  46 192  73  92  23 182  67  28 182 169  80 154  99 187 182 119 143 154 103  32 100  20  80 183 179 146 120 167  69 188 
 81 143  12 128  84 146  11  86 112  39  46 109  42  88  30 147 175  51  24 180  49  13 163 163  27 103 149 171 199 198  81 139 173  35  85  24 107  31  51  87  73 121 117 110 155 168 141 121  19  75 192  39 133 118  90 116 125  99  47  49  34 199 127  24 135 116  96 108 198  60 168 170  51  39  74  63  60 123 116 194  25 133 
 69 140  62 181  45  75 200 182 187  53 113 155  86 200  74 125  74  15 132  40 116  64 121 166  38  61 154  93  83 143  33  79 134 148 152 149 126  27  17  15 181 122 196  71  53 161 133  89 134  97  82  58  50 110  62 150 162 112  17  55  91  61 151 199  52  58 145  27 138 152 
117  40 146 127  93  20  61  93  84 181 132  37  93 181 158  49 182 164  78 129 123  36  78 195  64 152 110  89  97 121 187  37  78 180 134 121 148 148 157  78 180  12 126 111  81  36 103  27 118  82 195  70  71 190 140  73  20  59  88 157 147 188 194 125 169  50 154  22 124  89 152  68  28 166  51  58 143 124 105  48  15  79 166  76  98  17  72  37  95  63  34 175 127  85 199  86 197 157  32 137  53  82 123  90  42  84 128 161  86 174 173  69  29  95  82  39  20 146 
 30  34 106 136 182  80 177  62  79 133 153  64  54  45  40  90 151 146 149 134  72  94  76  17  82 114  29  28  73 168 127 
 39 134 142 181 119 143  86 106 163 176 163 198 126  67  23 182  11 192  62 163 178 179  66  11  17 120  90  93  54 197  47  51 199  24 101 182  93 135 138 103 
 66 162  64  32  24  23  73 139 118  66  35 123  24  45 192 136  40  96 107 182 109 102  96  14  20  17 143  74 146 125 129  14 160  26 117 194 113 149 170 141 167  43 145 103 116  87  21  40 189  74  66  33 103  91 123 179  75 141 187 200 166  49 128 184 145 196  60 
117 122 196  43 161 121  91 137 189  16  92 132 109 190 120 105 190 153  70 187 130 195 145 142  48 133  19 177  44 134 123  99  35  95 126  30  72  49  15  92  94 132 150  45 172 100 128 175  25 125  91  84 123  46  53  22  15  39 107 168 187  84  99 165 157  84 141 107 101  89  15  53  23  70 140  44 154 176 172 121 152 187 179 157 137 143 106 185 176 198 132 153 168 187 165 194  93 167 190 160  56  30 143  33  24 111  75 152 138  15 153  50 112  36 106 162 182  99 
 90  32  25  74 114 143  26 156 121  14  39 185 121  47  54  50 186  80  89 158 139 162 125 150  95 156  61 186 126  13 168 199 184  55  87 169  23 176  97  76  42  31  90 196 176  29 180 144 198  49 157  43 191  69 153  83  59  34  91  53  73 145 174 151  19  10 161  56 114 197 180  25  83 129  43 103 155  81 181  53 185 116  62  46  81 127 197  63 172  70  60 
117  13  83 193  88  51  30 175  64  46 161 132  16 163 115 168 186  78 140  99 112  99 154  39  99 153  68  98 192  22 200  26  46 171 109  56  93  50  83 197  27 178  28  13  89  68  87  26 176 102 197  57 110  96 170 139 116 124  58  71  70  93 132 190  20 167 150 132 152  72 154 146 191 171 186  35  96 191 175 124  97 173 116 153  58  48  11  97 147  40 128 174  90 158 167 186 114  89  88 151  66 111 127 153  59  92  54  28 114  71 188 121  55 176 109  56 191 147 
 39  32  31  41 179 168 105 129 183 104 106  45 156  56 173  14  35 191 200 156  38 115  18 190 130  11 191  61  38  94 159  14  23  32  85 162 121  96 136 172 
 66  18  13 121 164  48  42  70  36  83 191 156 169  24  59  85 142 149  76  26  17 151  26  99  73  73  10  18 112  49  38  48 149 177 121 123  53  84 138  21 159 114 145 125 105 138 123  87 144 147  82  24 126 167 120  93  40 191 155  38 165 136 189  83  94 157  99 
 51  67 183 179 187 104 130  80  13 113 152  32  20  90  11  74 147  64  56  72  72 192 114 188  49 141  72 182  27 176 152 195 173  86  17  69  51  21  96 119 155  82  83  46  72  48  61 115 105 131  80 129 
111  21 115  61  15  63  40 154  21  48  26 136  74 159 138  27  57  35  91 114 137  85 169 199 112  51 200  23  83 114 161  22  45  45  89  91  64  15 145  54 185  70  91  70  40 172  68  41  38  73  44  16 117  17 161  12  46  24 140 140 137 164 124 109  72 188 185 135 115 133 182 128  42  90  10 119 132  72 100 149  36  30  52  41  79  14  31 108 198  50 114  47 188 105  33  86  73 148 112 158  15 100  90 124  30  77 155  11 197  83 196  78 
 60  90 150  19 146 158  65  98  51 149  90 121 149  66  18 195 125  89  68  69 156  20 144  74  62 178  63 169 137  20  17  20 130 175 139 156 115 166  99 161  51 200 113 118 174 184 165 102 193  68  79  56  16 172  46 101  98 183 147 117 162 
 84 125 124 169  94  65 122 159 141 111  51  73  86 187 160  91 125 152  84  99  60  99 128 113  66 129 144 116 151  83  22  44 174 162  37  75 194  14  58 200  27  40 181  48 117 140  74  44  88  61 151  25 145  45 166 139 111  15 183 136 169 193  10 160  62 128 120 153 150  21 162  91  57 123  27  75 187 159  88 115  71  57  92 116 186 
 33 171 190 178  33  81  80  27 129 132  45 155 106  12  95 169 145  71 141 125  17 115 151 160 153  98 169 182  60 102  67  75 140 128 
108 132 103  49 185 146 119 127 111 195  60  19  50  48 155 198  91  10 186 164 194 162  62 134  82  23  62 200 188  61  99  53  43 185 121  11 175 135 169 156 168 178 157  17 131 180 141 111  95 199 180  71  98 153  68  83  69  71  10 147  63 115 167  77 128 101 105 104 189 133  24  64  83  78 110  34 171  49 163 173  67 199  41 142  88  35  85 153  71  21 117 102  68 195 182 111  72  77 118  83  12 169 109 179 189  94  78 156 168 
 96  61 101  91 166 189  14  79 103 105  16 182 131  37 135  31  51 189  74 126  99 194 184  94  36 132  32 163 115 163  44  20  39 125 175  35  63 173 193 176 165 145  50  56 151  76 124 139 111  91 158  22  63 186 160  68 135 196 157  78  98  86  13 160  95  50  82  27 190 197  52  36 173  56  58  58 129  54 173 118 163 200  53 174  50  77 152  62  78  80 179 169 173 141 100 109 143 
 24  28  82 170 179 154 194  52 184 182  50 160 194 165 163 124  22  25  47  64 179 119  86 164 102 
 48  43 166  63  19  41  33 194  18  12 112 111 113 190 129  20 127 136 139 186  97  13  36 151  72  81 122 181 121  70  48 119 151 171  33  31 149 162  14  97 112  71  49 136 178 193 144 185  51 
 75 139  97  95  18 187  34 135 175  18  99 145 150  86 118  19 180 170 109 183  83  86  63 199  96 117  97  33 131  89  97  56  80  95  96 194  68  84 140 165  24 130 199  58 180 168  69  39  75 184  24 187 139 115 142 117 119  80  64 155 161  19 139  38 159 106  34 144  48 160  15  37  84  73  13 160 
 75  37 106 133 147 100  54 187  41 171  79  54 184  48 191 180 184  26 165  98  56  87  57  90 137  35 107  47 115  56  21 156  62 163 152 143  73  93  26  32 189 197  27  64  15  76 143 196  39 165 172 122  46 149  72 171 153 143 135  12  21  43 107  13  37  28  83  13  56 186  45  71 123  55  13  11 
 72  30  52 132  30 143 169 119  13  95 185 200 141 166  19 173 132 167  44 144 160 195  67 159 120 153  32 105 175 115  46 175 161  28  74 115  93  81 169  84  49 168 193  60  43  20  67 192 169  60  96  84 165  31  99  34 175 173  70  42 186 114 152  24  45 125  64 193  53  87 177  89 164 
 72 138 114  69  52  80 197  77  93  76 179  27  11 147 128 129  14  21  10 134  44 195  99  98  73 112  45  93 113  77  73 173  25  70 147 189 186 102  87  23 169  54  35 130 187 111  40  10 114 126  52  13 142  53  81  54 138 129 114  98 171 170  95  61 142 164  93 186 156  13 102 130  47 
 96 104 197 107  82  83  11  24  81  58  78  69 118 109  86  30 106 145 164 184 136 165  67 133 168 144 153  95 126  42  62  81  27  70  78  24  81  91 186 167  98  77 181  61  50 170 148 119 101 190  92  18 137  41  70  39  31 112 128  12  29  35  90 123  35  56  80  93  71  66  20 131  55  95 197  31  13 188  56 155  69  60 146  21 129  57 129 101  33 161  17 149  71  89 111  88 128 
 36  39  26  54  10  45 184 191 156 134  31 119 158 170  40 196 180 169 111 166 171  71  98  38 156 191  18 116  81 193 187  26  48  42 164 147 110 
 90  31  65  24 138 111  44 200 184  92  16 185 132 194 178 130 113  14  54 139 126  49 154 178 163  44 123 200  25  56  50  94 112 179 101 104  23 154  11  37  17  21  84  83 153  94  45  83 137 174  60  22 118 138  43  35 176  15  71 188 137  72  26 180 112 166 165 167  83 165 189  49 132  74  98  55 116  81 195 188 119  72  41 160  41 136  81 111  20  40  63 
 87 139 129 181  30 131 100 194 178 190  65  12  37 185  58  12 101 141 134  36  33  10  54 174 132  29  28 167 109  65  87 158 102  54 146 200 118  78  57 179 137  67  93 135  86 180 153 131 175  84 186 135 146 192  49 171 138 145 115 130  74  78  46 157 170 149 140 168  49  81 133  53 187  19 193  90 116  60 129  66 179  38 172  89  55 170  25 130 
 51 180  87  63  84 167 187  67 137  87  79  15 137  48  12 189 193 196  31 176  36  39  86 151 117  84 143 182  70 101  64  63 190  28 173  46  54  79 158 187  37 173 187 102 121 128 170 118 126 199  94 187 
 96 119  81 105  78 133 107 161  12 134  35 163  22 122  82 178 198  81  55 122 120 178  60  74  47  79  22 189  62 184 159  75 110 196  86 179  66  58 152  13 162 167 166 184  77 144 141 132 126  85  34 152 198 166 111 105 108  13 142 194  18  10 116 146 125 112 110  34 100 130  27  92 163 176 165  31  44  37 109 109  70  35 102 169  15  96  89  65  95 190 139 105 128  48 164 146 179 
 33 167 108  77  71 178  56 190 183  96  35  80 176 177  51  90 114 172  55 183  42  20  55  24  63 136 155 151 128 116 197  66 148 129 
 81 170  98  50 153 102  79  20  41  70 144  72  67 156 149  15  33 158  38 161  97 105  52 154 177  76  44 174 167  68 177  57  57 142  68  84  24  14 183 102  22 147  55 122  56 135  50  83 199 134  78 120  50 183 185  81 112 130 175 111  67  66 158  43  71  62 153  97 126 167 186 179 192  49 177 107  90 107  38 200 144 102 
 42  37 122 134 136 191 113  48 136 154 116  74 110 187 182  10  74 115  97  49  81 108  32 191 139  31  55 102 171 172 173 179  76  20 163  85  74  47 108 160  72  21  51 
 45  38 168  13 151  32 145  46  85 142  51  18  65  53  46 133 113  78 189 100  94 185  55 127 131 155 123 193 193  28 193  85 175  89  61 166 135 147  64  36 182  38  49 144  74  50 
105 106 156 160  75 164  89  33 140 187  45  51 188 129  94  42  82 178  46 187 120 111  96  38  56 149 163  82  40  35 102  60  25  35  69 154  93 192  31 192  64 174 157  82 178 107  48  68  11 140  86 181 180  83  66 104  87  44 127  77 128  89  64  56 188 160 169 200 143  98 144  11  28 112 150 154  66 194  62 102 148 105  96 103 152  70  30 190 113  96  72  25  62 193 135 185  24 194 113 191 184  75 124 181 155 173 
 90 105  20  94 136 185  49 181  70 132 155 157 145  81  24 182 194  95 171  56  23 138 188 197 149  74 151 108  43 158  81  24 132 198 189 161 104  78 144 108  46 173  77 155 121 126 185 176 154 196 135  81 174 133 181 116  28 124 200 147  59 121 184  76 151  85 114  88 103  63  29 175 115 154  11  84 140 179 165 158  80  63 189  18  84  51 115  21  55  18  29 
 99  13 168  38  22 194 198  28 189 113  22  47 169  21 188  66  39  55 134 183 165 125 138 179  70 137  48 183 150  89 143  78 162  48  75  52 177 147 140  32 103  34  81 155  24  98  66  97  52 196  81  93  53 125 139 186 112 194 113 170 118 108 132 177  75  64 118  35  58 137  76  20 196 173 171  18 109  80 146  63  48  52 138 170 119 127 126 165 160 137 162 153 192  56 179  96 169 149  12  10 
 81 169  44 125  25 153  54 138 126 120  51 120 162 151 118 138  29  44 188  97 180 101  45  84  92 197  95 140 112  76 149 127  40 123 200  33 137  93  20  57  37  92  35 115  43  16  36 158 169 159  95 145  36 172 126 102 113 175 129 117  97 185  77 170 199  16  41 155  75 122 102  22  72 168 191  72 101 161  15  63  75 173 
 30  34 113 154  73 173 174  28 134 169  86 122 130  14 172  22  40  66 133 200 155 175 114  84 129  89 125  17  70 177 180 
 57 160  93 114 194 136 104  89  14 150  77 195  95 176  43 118 172  61 109  77  94  37 110 140 141 127  53 180  50 160  77 146  44 195  65  31 161  96 125 118  70  95 104 122 137  23 189 190  11  17 129  80  55 131 198 184  10  90 
 57  14  83  57 143 113 154 139  24 157 166 100  28 169 152  89  23 177 111  87  27 194  69 138  16  16 116 178  61 141  80  10  48 153  45  94 199 173 145  80  81  38  50 162  85  34  56 103  64  15  49  47  62  61  21 122  98 173 
 57  99  32 189 173 182 111  77 158 109  98 118  29  49  21 149 187  34 200  23  52 173 126 185 168 139 105 158  26 171 142 109 164 133  35 134  11  22 183  54 165  16  67 175 174 112 145 103 130 131  54 109 112 130 172 156 132 185 
117  95 152  58 185 177  14 121  92 107  16 195  61 158  43  19 162  30  67  18 133  40  90  88  77 126 120  45  72  34  36  64 184 141 151 185 109  71  22 114 101 107 183  61 169 109 200  67 154  20  21 137 178  41  39 182 107  88  77  35 160  90 104  66  81  19 137 185  37 166  75  46  29  54  14  49 122  78  77 103  26 140  78  71 173 164 196  85 177 105  12  57 124  90 129  63 196 164  49  73  30  46  12 195 119  94  98 126  18 135  19 199 154 103  87 140 142 104 
117  51  61  43 106 109 133  54  52 106 106  78 102  97 169 199  76  59 103 194 130 116 110 104  52  39 150  60  13 138 159  68 156 149  59 100  91  19  35  24  14  69 175 121  46  65 143 103 187  67 192 135 137 178 133 127 183 120 183 118  35 123  22  64  49  92 109  64  51 199 104  71 147  25 156 143 189 113  81 133 109  89  91  27  53  91 125 158 141 191 150  75 154  16  41 120  55  65  96 132  82 109  61  23  71  29 182 186  53 122  75 131  46 159  58  50 176 138 
 60 193 137 152  22  88  49  51  58  25 136  35 150 140  69  10  52 119  34 181 106 142  35 185  80 195  48 153 116  65  34  42 198  95 198  52  13  24  74 141 127  57  13  88  80  89 176  43  28 115  25 145  67  32 109 112  33 133 176 100 122 
105  78  27  43 179  84 108  36 185  38  69  98  25 198 108 190  91 182 145  35  67 173  13 190  23  78  53  70  22  19 154 167  30  30  18  95  27 108 154 156  25 193  19  21  49 190  97  30 176 108  86  19  21  81  40 109 179 163  24  58 111 117 109  30  96  57 108 146  40  41 172 189  97 150  53 119  30 180  11 187 151 116  19  47  20  90 119  48 179 181 190  63 102  74 154 165  77 109  70  42  42  32 119  56  64  19 
 54 156  87 121  17  85 128 177 153 151  59 133 184 109 113  34 199 163 176 101  42  51  10 144  83 156 192 104 138  25 192  43 109 143  57  24  77  56  97  78  62  57 162  90  98  97  47  15  11 149  88  61  10 115  97 
 69 165 191 200  23 112 143 156  88 135  19  19  92  46 169  54  42 186  64  49 188 112 189 163 137 175 131  46  44 112 150 197  52 190  61  52 160  19 130  50 109  34  90  75  77  82 126 199 140 104 155  51  93  14 165  15  44 119 192 176 177 151  57  46 138 153 113  24 173 128 
 33  17  59 140  24  47 193  79 109 191 198 164 192 168  48 134 109  81 184 131 106 163 130  76 175 129 134  20  51  94  94  58  42 127 
 72  77 191  91 160 137 197 111 176 167 194  20  39  35 164  87  54  67  18 195 165  95 181  68 200  11 182  80 182 195  99  98 155 151 164  80 172 106  59  86  79 189  99  53 106  79 181  37 190 112  70 134 160 195  17 182  53 173 172  68  38 186 112 119 160 199  88  26 153 132  24 127 190 
 66  59 144  56  84  63 122  66  14 171 171  31  19  49 122  81  33 158 187  41 168  82 121  16 181  48  67 128  91  70  50  21  79  96  29 149 160  21 142 163  60  11  78 163 139  23 150  70 121 119 146 154  18 119  55 111 105  23 144  31  82 178  85 184  55 139  17 
 36  59  98 116  63 172 106 152  17 123  76  41 101  90 191 152  37 116  14 151  42 106 178 124 195 119  39  99  44 154  35  94 164  95 114 187  47 
114 176 139  96 145  39 200 189 101  26 192  97 109  41  64  93 123 115 156 100 137  47 161 126 149 107  67  59 131 118  10  59  17 169 200 114  19 152 185  78 100  43  76  47 177  75  53  87  99  83 119  52 120 143 154  86 107 110 165 151 149 157 100  47  14 131  75  38 189  31  63  54 191  99 161 132  84 166 121  30  99  55 195  68  22  73  86 136 135  17  45 136 195  20 133 100  60 189 108  47  79 153  46 168 172 126 164 106 137 154 165 173  92  12 169 
111  92 130 104  58 150 192  84 128 138  32 150  56  41 102 127 161 137 194 131  99  88  84  52 139  65 151  61 118  20  31 200 155  14  18  77  58 178  84  31  36  88 123  24 128 167 161  39  77 180 147  59 164 135 119 106  95  47  13 139  26  42 160 165 110 193  71 131 184 186  25 200 110  40  27  74 183 101  43 145  20 157  97  74 103  29  10 194  76  36 127 140 157  36 132 179  34  95  56  83 117  12  86 130  54  69 196  87 158  59 134  97 
 93  82  65 153 153  91 101 197 184 169  27  85 121 121 186 178  48 170 104  60  31 177  74  45 163 108  85 182  23  75  83  48  16 157 124 123 135  23 115  21 154 131  82 148 141 119  95  36 184  94 187  50  45  20 143 164  18 179 151 114  75  78  71  94  70 183 105  85  49 191  30  86  53 185 134  37  99 197 190 106  76  16  26  74 112  82  64 182  30  53 160  11 190  53 
 90 104 108 192  53 107  28  55 113 106 133  42 166  44  72  97 144 157 200  16 190  27  61 180  87 125 109 101  50  36 137 145 197  83  65 124 127  43 170  27 120 187 124 150 200 159  15 117  92  86 123  18 114 103 120  78 169  81 135 183  94  69  25 196  73  83 182  13  61 100 128 164 149 101 122 176  76  54  11 170 130 126 119 126  19  79 178  29 149 200 119 
111 142  67 119  51 122  71  24  80 141  33  98 166  34  14 161  25 169 175 187 124 154  62  51 200  68  10 139  62 141  18 137 152 149  21  56 184  37 193  64  39 167 131  99  69 164  58 127  18  59  67 171 178  87  38  96 193  47  20  49  50 150 166  50  82  94 130 153 126  92  79  30 168  79 130 144 169  57 106 127 140  39 178 103  76 200 152  30  38 199 101 156 185  41  38  45 109  73 162 163 182 166 167  53 135  32 120 169  47 137 101  94 
